#fypy mesh generator
nelem=110 nelemx=10 nelemy=10 nnodes=121 ninteg=3 ndofn=2 nprop=2 ndime=1 gdofn=230
$coord
1 0.0 0.0 0.0 
2 0.0 0.5 0.0 
3 0.0 1.0 0.0 
4 0.0 1.5 0.0 
5 0.0 2.0 0.0 
6 0.0 2.5 0.0 
7 0.0 3.0 0.0 
8 0.0 3.5 0.0 
9 0.0 4.0 0.0 
10 0.0 4.5 0.0 
11 0.0 5.0 0.0 
12 0.2 0.0 0.0 
13 0.2 0.5 0.0 
14 0.2 1.0 0.0 
15 0.2 1.5 0.0 
16 0.2 2.0 0.0 
17 0.2 2.5 0.0 
18 0.2 3.0 0.0 
19 0.2 3.5 0.0 
20 0.2 4.0 0.0 
21 0.2 4.5 0.0 
22 0.2 5.0 0.0 
23 0.4 0.0 0.0 
24 0.4 0.5 0.0 
25 0.4 1.0 0.0 
26 0.4 1.5 0.0 
27 0.4 2.0 0.0 
28 0.4 2.5 0.0 
29 0.4 3.0 0.0 
30 0.4 3.5 0.0 
31 0.4 4.0 0.0 
32 0.4 4.5 0.0 
33 0.4 5.0 0.0 
34 0.6000000000000001 0.0 0.0 
35 0.6000000000000001 0.5 0.0 
36 0.6000000000000001 1.0 0.0 
37 0.6000000000000001 1.5 0.0 
38 0.6000000000000001 2.0 0.0 
39 0.6000000000000001 2.5 0.0 
40 0.6000000000000001 3.0 0.0 
41 0.6000000000000001 3.5 0.0 
42 0.6000000000000001 4.0 0.0 
43 0.6000000000000001 4.5 0.0 
44 0.6000000000000001 5.0 0.0 
45 0.8 0.0 0.0 
46 0.8 0.5 0.0 
47 0.8 1.0 0.0 
48 0.8 1.5 0.0 
49 0.8 2.0 0.0 
50 0.8 2.5 0.0 
51 0.8 3.0 0.0 
52 0.8 3.5 0.0 
53 0.8 4.0 0.0 
54 0.8 4.5 0.0 
55 0.8 5.0 0.0 
56 1.0 0.0 0.0 
57 1.0 0.5 0.0 
58 1.0 1.0 0.0 
59 1.0 1.5 0.0 
60 1.0 2.0 0.0 
61 1.0 2.5 0.0 
62 1.0 3.0 0.0 
63 1.0 3.5 0.0 
64 1.0 4.0 0.0 
65 1.0 4.5 0.0 
66 1.0 5.0 0.0 
67 1.2 0.0 0.0 
68 1.2 0.5 0.0 
69 1.2 1.0 0.0 
70 1.2 1.5 0.0 
71 1.2 2.0 0.0 
72 1.2 2.5 0.0 
73 1.2 3.0 0.0 
74 1.2 3.5 0.0 
75 1.2 4.0 0.0 
76 1.2 4.5 0.0 
77 1.2 5.0 0.0 
78 1.4 0.0 0.0 
79 1.4 0.5 0.0 
80 1.4 1.0 0.0 
81 1.4 1.5 0.0 
82 1.4 2.0 0.0 
83 1.4 2.5 0.0 
84 1.4 3.0 0.0 
85 1.4 3.5 0.0 
86 1.4 4.0 0.0 
87 1.4 4.5 0.0 
88 1.4 5.0 0.0 
89 1.5999999999999999 0.0 0.0 
90 1.5999999999999999 0.5 0.0 
91 1.5999999999999999 1.0 0.0 
92 1.5999999999999999 1.5 0.0 
93 1.5999999999999999 2.0 0.0 
94 1.5999999999999999 2.5 0.0 
95 1.5999999999999999 3.0 0.0 
96 1.5999999999999999 3.5 0.0 
97 1.5999999999999999 4.0 0.0 
98 1.5999999999999999 4.5 0.0 
99 1.5999999999999999 5.0 0.0 
100 1.7999999999999998 0.0 0.0 
101 1.7999999999999998 0.5 0.0 
102 1.7999999999999998 1.0 0.0 
103 1.7999999999999998 1.5 0.0 
104 1.7999999999999998 2.0 0.0 
105 1.7999999999999998 2.5 0.0 
106 1.7999999999999998 3.0 0.0 
107 1.7999999999999998 3.5 0.0 
108 1.7999999999999998 4.0 0.0 
109 1.7999999999999998 4.5 0.0 
110 1.7999999999999998 5.0 0.0 
111 1.9999999999999998 0.0 0.0 
112 1.9999999999999998 0.5 0.0 
113 1.9999999999999998 1.0 0.0 
114 1.9999999999999998 1.5 0.0 
115 1.9999999999999998 2.0 0.0 
116 1.9999999999999998 2.5 0.0 
117 1.9999999999999998 3.0 0.0 
118 1.9999999999999998 3.5 0.0 
119 1.9999999999999998 4.0 0.0 
120 1.9999999999999998 4.5 0.0 
121 1.9999999999999998 5.0 0.0 
$coord
$conn
1 1 12 13 2 linelas2d 
2 2 13 14 3 linelas2d 
3 3 14 15 4 linelas2d 
4 4 15 16 5 linelas2d 
5 5 16 17 6 linelas2d 
6 6 17 18 7 linelas2d 
7 7 18 19 8 linelas2d 
8 8 19 20 9 linelas2d 
9 9 20 21 10 linelas2d 
10 10 21 22 11 linelas2d 
11 12 23 24 13 linelas2d 
12 13 24 25 14 linelas2d 
13 14 25 26 15 linelas2d 
14 15 26 27 16 linelas2d 
15 16 27 28 17 linelas2d 
16 17 28 29 18 linelas2d 
17 18 29 30 19 linelas2d 
18 19 30 31 20 linelas2d 
19 20 31 32 21 linelas2d 
20 21 32 33 22 linelas2d 
21 23 34 35 24 linelas2d 
22 24 35 36 25 linelas2d 
23 25 36 37 26 linelas2d 
24 26 37 38 27 linelas2d 
25 27 38 39 28 linelas2d 
26 28 39 40 29 linelas2d 
27 29 40 41 30 linelas2d 
28 30 41 42 31 linelas2d 
29 31 42 43 32 linelas2d 
30 32 43 44 33 linelas2d 
31 34 45 46 35 linelas2d 
32 35 46 47 36 linelas2d 
33 36 47 48 37 linelas2d 
34 37 48 49 38 linelas2d 
35 38 49 50 39 linelas2d 
36 39 50 51 40 linelas2d 
37 40 51 52 41 linelas2d 
38 41 52 53 42 linelas2d 
39 42 53 54 43 linelas2d 
40 43 54 55 44 linelas2d 
41 45 56 57 46 linelas2d 
42 46 57 58 47 linelas2d 
43 47 58 59 48 linelas2d 
44 48 59 60 49 linelas2d 
45 49 60 61 50 linelas2d 
46 50 61 62 51 linelas2d 
47 51 62 63 52 linelas2d 
48 52 63 64 53 linelas2d 
49 53 64 65 54 linelas2d 
50 54 65 66 55 linelas2d 
51 56 67 68 57 linelas2d 
52 57 68 69 58 linelas2d 
53 58 69 70 59 linelas2d 
54 59 70 71 60 linelas2d 
55 60 71 72 61 linelas2d 
56 61 72 73 62 linelas2d 
57 62 73 74 63 linelas2d 
58 63 74 75 64 linelas2d 
59 64 75 76 65 linelas2d 
60 65 76 77 66 linelas2d 
61 67 78 79 68 linelas2d 
62 68 79 80 69 linelas2d 
63 69 80 81 70 linelas2d 
64 70 81 82 71 linelas2d 
65 71 82 83 72 linelas2d 
66 72 83 84 73 linelas2d 
67 73 84 85 74 linelas2d 
68 74 85 86 75 linelas2d 
69 75 86 87 76 linelas2d 
70 76 87 88 77 linelas2d 
71 78 89 90 79 linelas2d 
72 79 90 91 80 linelas2d 
73 80 91 92 81 linelas2d 
74 81 92 93 82 linelas2d 
75 82 93 94 83 linelas2d 
76 83 94 95 84 linelas2d 
77 84 95 96 85 linelas2d 
78 85 96 97 86 linelas2d 
79 86 97 98 87 linelas2d 
80 87 98 99 88 linelas2d 
81 89 100 101 90 linelas2d 
82 90 101 102 91 linelas2d 
83 91 102 103 92 linelas2d 
84 92 103 104 93 linelas2d 
85 93 104 105 94 linelas2d 
86 94 105 106 95 linelas2d 
87 95 106 107 96 linelas2d 
88 96 107 108 97 linelas2d 
89 97 108 109 98 linelas2d 
90 98 109 110 99 linelas2d 
91 100 111 112 101 linelas2d 
92 101 112 113 102 linelas2d 
93 102 113 114 103 linelas2d 
94 103 114 115 104 linelas2d 
95 104 115 116 105 linelas2d 
96 105 116 117 106 linelas2d 
97 106 117 118 107 linelas2d 
98 107 118 119 108 linelas2d 
99 108 119 120 109 linelas2d 
100 109 120 121 110 linelas2d 
101 22 11 linelastrac2d 
102 33 22 linelastrac2d 
103 44 33 linelastrac2d 
104 55 44 linelastrac2d 
105 66 55 linelastrac2d 
106 77 66 linelastrac2d 
107 88 77 linelastrac2d 
108 99 88 linelastrac2d 
109 110 99 linelastrac2d 
110 121 110 linelastrac2d 
$conn
$prop
1 2.0 1 
2 2.0 1 
3 2.0 1 
4 2.0 1 
5 2.0 1 
6 2.0 1 
7 2.0 1 
8 2.0 1 
9 2.0 1 
10 2.0 1 
11 2.0 1 
12 2.0 1 
13 2.0 1 
14 2.0 1 
15 2.0 1 
16 2.0 1 
17 2.0 1 
18 2.0 1 
19 2.0 1 
20 2.0 1 
21 2.0 1 
22 2.0 1 
23 2.0 1 
24 2.0 1 
25 2.0 1 
26 2.0 1 
27 2.0 1 
28 2.0 1 
29 2.0 1 
30 2.0 1 
31 2.0 1 
32 2.0 1 
33 2.0 1 
34 2.0 1 
35 2.0 1 
36 2.0 1 
37 2.0 1 
38 2.0 1 
39 2.0 1 
40 2.0 1 
41 2.0 1 
42 2.0 1 
43 2.0 1 
44 2.0 1 
45 2.0 1 
46 2.0 1 
47 2.0 1 
48 2.0 1 
49 2.0 1 
50 2.0 1 
51 2.0 1 
52 2.0 1 
53 2.0 1 
54 2.0 1 
55 2.0 1 
56 2.0 1 
57 2.0 1 
58 2.0 1 
59 2.0 1 
60 2.0 1 
61 2.0 1 
62 2.0 1 
63 2.0 1 
64 2.0 1 
65 2.0 1 
66 2.0 1 
67 2.0 1 
68 2.0 1 
69 2.0 1 
70 2.0 1 
71 2.0 1 
72 2.0 1 
73 2.0 1 
74 2.0 1 
75 2.0 1 
76 2.0 1 
77 2.0 1 
78 2.0 1 
79 2.0 1 
80 2.0 1 
81 2.0 1 
82 2.0 1 
83 2.0 1 
84 2.0 1 
85 2.0 1 
86 2.0 1 
87 2.0 1 
88 2.0 1 
89 2.0 1 
90 2.0 1 
91 2.0 1 
92 2.0 1 
93 2.0 1 
94 2.0 1 
95 2.0 1 
96 2.0 1 
97 2.0 1 
98 2.0 1 
99 2.0 1 
100 2.0 1 
101 2.0 1 
102 2.0 1 
103 2.0 1 
104 2.0 1 
105 2.0 1 
106 2.0 1 
107 2.0 1 
108 2.0 1 
109 2.0 1 
110 2.0 1 
111 2.0 1 
112 2.0 1 
113 2.0 1 
114 2.0 1 
115 2.0 1 
116 2.0 1 
117 2.0 1 
118 2.0 1 
119 2.0 1 
120 2.0 1 
121 2.0 1 
$prop
$ideqn
1 -1 -1 
2 0 1 
3 2 3 
4 4 5 
5 6 7 
6 8 9 
7 10 11 
8 12 13 
9 14 15 
10 16 17 
11 18 19 
12 20 -1 
13 21 22 
14 23 24 
15 25 26 
16 27 28 
17 29 30 
18 31 32 
19 33 34 
20 35 36 
21 37 38 
22 39 40 
23 41 -1 
24 42 43 
25 44 45 
26 46 47 
27 48 49 
28 50 51 
29 52 53 
30 54 55 
31 56 57 
32 58 59 
33 60 61 
34 62 -1 
35 63 64 
36 65 66 
37 67 68 
38 69 70 
39 71 72 
40 73 74 
41 75 76 
42 77 78 
43 79 80 
44 81 82 
45 83 -1 
46 84 85 
47 86 87 
48 88 89 
49 90 91 
50 92 93 
51 94 95 
52 96 97 
53 98 99 
54 100 101 
55 102 103 
56 104 -1 
57 105 106 
58 107 108 
59 109 110 
60 111 112 
61 113 114 
62 115 116 
63 117 118 
64 119 120 
65 121 122 
66 123 124 
67 125 -1 
68 126 127 
69 128 129 
70 130 131 
71 132 133 
72 134 135 
73 136 137 
74 138 139 
75 140 141 
76 142 143 
77 144 145 
78 146 -1 
79 147 148 
80 149 150 
81 151 152 
82 153 154 
83 155 156 
84 157 158 
85 159 160 
86 161 162 
87 163 164 
88 165 166 
89 167 -1 
90 168 169 
91 170 171 
92 172 173 
93 174 175 
94 176 177 
95 178 179 
96 180 181 
97 182 183 
98 184 185 
99 186 187 
100 188 -1 
101 189 190 
102 191 192 
103 193 194 
104 195 196 
105 197 198 
106 199 200 
107 201 202 
108 203 204 
109 205 206 
110 207 208 
111 209 -1 
112 210 211 
113 212 213 
114 214 215 
115 216 217 
116 218 219 
117 220 221 
118 222 223 
119 224 225 
120 226 227 
121 228 229 
$ideqn
$dirich
1 0.0 0.0 
2 0 0 
3 0 0 
4 0 0 
5 0 0 
6 0 0 
7 0 0 
8 0 0 
9 0 0 
10 0 0 
11 0 0 
12 0 0.0 
13 0 0 
14 0 0 
15 0 0 
16 0 0 
17 0 0 
18 0 0 
19 0 0 
20 0 0 
21 0 0 
22 0 0 
23 0 0.0 
24 0 0 
25 0 0 
26 0 0 
27 0 0 
28 0 0 
29 0 0 
30 0 0 
31 0 0 
32 0 0 
33 0 0 
34 0 0.0 
35 0 0 
36 0 0 
37 0 0 
38 0 0 
39 0 0 
40 0 0 
41 0 0 
42 0 0 
43 0 0 
44 0 0 
45 0 0.0 
46 0 0 
47 0 0 
48 0 0 
49 0 0 
50 0 0 
51 0 0 
52 0 0 
53 0 0 
54 0 0 
55 0 0 
56 0 0.0 
57 0 0 
58 0 0 
59 0 0 
60 0 0 
61 0 0 
62 0 0 
63 0 0 
64 0 0 
65 0 0 
66 0 0 
67 0 0.0 
68 0 0 
69 0 0 
70 0 0 
71 0 0 
72 0 0 
73 0 0 
74 0 0 
75 0 0 
76 0 0 
77 0 0 
78 0 0.0 
79 0 0 
80 0 0 
81 0 0 
82 0 0 
83 0 0 
84 0 0 
85 0 0 
86 0 0 
87 0 0 
88 0 0 
89 0 0.0 
90 0 0 
91 0 0 
92 0 0 
93 0 0 
94 0 0 
95 0 0 
96 0 0 
97 0 0 
98 0 0 
99 0 0 
100 0 0.0 
101 0 0 
102 0 0 
103 0 0 
104 0 0 
105 0 0 
106 0 0 
107 0 0 
108 0 0 
109 0 0 
110 0 0 
111 0 0.0 
112 0 0 
113 0 0 
114 0 0 
115 0 0 
116 0 0 
117 0 0 
118 0 0 
119 0 0 
120 0 0 
121 0 0 
$dirich
$bf
1 0 0 
2 0 0 
3 0 0 
4 0 0 
5 0 0 
6 0 0 
7 0 0 
8 0 0 
9 0 0 
10 0 0 
11 0 0 
12 0 0 
13 0 0 
14 0 0 
15 0 0 
16 0 0 
17 0 0 
18 0 0 
19 0 0 
20 0 0 
21 0 0 
22 0 0 
23 0 0 
24 0 0 
25 0 0 
26 0 0 
27 0 0 
28 0 0 
29 0 0 
30 0 0 
31 0 0 
32 0 0 
33 0 0 
34 0 0 
35 0 0 
36 0 0 
37 0 0 
38 0 0 
39 0 0 
40 0 0 
41 0 0 
42 0 0 
43 0 0 
44 0 0 
45 0 0 
46 0 0 
47 0 0 
48 0 0 
49 0 0 
50 0 0 
51 0 0 
52 0 0 
53 0 0 
54 0 0 
55 0 0 
56 0 0 
57 0 0 
58 0 0 
59 0 0 
60 0 0 
61 0 0 
62 0 0 
63 0 0 
64 0 0 
65 0 0 
66 0 0 
67 0 0 
68 0 0 
69 0 0 
70 0 0 
71 0 0 
72 0 0 
73 0 0 
74 0 0 
75 0 0 
76 0 0 
77 0 0 
78 0 0 
79 0 0 
80 0 0 
81 0 0 
82 0 0 
83 0 0 
84 0 0 
85 0 0 
86 0 0 
87 0 0 
88 0 0 
89 0 0 
90 0 0 
91 0 0 
92 0 0 
93 0 0 
94 0 0 
95 0 0 
96 0 0 
97 0 0 
98 0 0 
99 0 0 
100 0 0 
101 0 0 
102 0 0 
103 0 0 
104 0 0 
105 0 0 
106 0 0 
107 0 0 
108 0 0 
109 0 0 
110 0 0 
111 0 0 
112 0 0 
113 0 0 
114 0 0 
115 0 0 
116 0 0 
117 0 0 
118 0 0 
119 0 0 
120 0 0 
121 0 0 
$bf
$trac
1 0 0 
2 0 0 
3 0 0 
4 0 0 
5 0 0 
6 0 0 
7 0 0 
8 0 0 
9 0 0 
10 0 0 
11 0 -0.6 
12 0 0 
13 0 0 
14 0 0 
15 0 0 
16 0 0 
17 0 0 
18 0 0 
19 0 0 
20 0 0 
21 0 0 
22 0 -0.6 
23 0 0 
24 0 0 
25 0 0 
26 0 0 
27 0 0 
28 0 0 
29 0 0 
30 0 0 
31 0 0 
32 0 0 
33 0 -0.6 
34 0 0 
35 0 0 
36 0 0 
37 0 0 
38 0 0 
39 0 0 
40 0 0 
41 0 0 
42 0 0 
43 0 0 
44 0 -0.6 
45 0 0 
46 0 0 
47 0 0 
48 0 0 
49 0 0 
50 0 0 
51 0 0 
52 0 0 
53 0 0 
54 0 0 
55 0 -0.6 
56 0 0 
57 0 0 
58 0 0 
59 0 0 
60 0 0 
61 0 0 
62 0 0 
63 0 0 
64 0 0 
65 0 0 
66 0 -0.6 
67 0 0 
68 0 0 
69 0 0 
70 0 0 
71 0 0 
72 0 0 
73 0 0 
74 0 0 
75 0 0 
76 0 0 
77 0 -0.6 
78 0 0 
79 0 0 
80 0 0 
81 0 0 
82 0 0 
83 0 0 
84 0 0 
85 0 0 
86 0 0 
87 0 0 
88 0 -0.6 
89 0 0 
90 0 0 
91 0 0 
92 0 0 
93 0 0 
94 0 0 
95 0 0 
96 0 0 
97 0 0 
98 0 0 
99 0 -0.6 
100 0 0 
101 0 0 
102 0 0 
103 0 0 
104 0 0 
105 0 0 
106 0 0 
107 0 0 
108 0 0 
109 0 0 
110 0 -0.6 
111 0 0 
112 0 0 
113 0 0 
114 0 0 
115 0 0 
116 0 0 
117 0 0 
118 0 0 
119 0 0 
120 0 0 
121 0 -0.6 
$trac
$pf
1 0 0 
2 0 0 
3 0 0 
4 0 0 
5 0 0 
6 0 0 
7 0 0 
8 0 0 
9 0 0 
10 0 0 
11 0 0 
12 0 0 
13 0 0 
14 0 0 
15 0 0 
16 0 0 
17 0 0 
18 0 0 
19 0 0 
20 0 0 
21 0 0 
22 0 0 
23 0 0 
24 0 0 
25 0 0 
26 0 0 
27 0 0 
28 0 0 
29 0 0 
30 0 0 
31 0 0 
32 0 0 
33 0 0 
34 0 0 
35 0 0 
36 0 0 
37 0 0 
38 0 0 
39 0 0 
40 0 0 
41 0 0 
42 0 0 
43 0 0 
44 0 0 
45 0 0 
46 0 0 
47 0 0 
48 0 0 
49 0 0 
50 0 0 
51 0 0 
52 0 0 
53 0 0 
54 0 0 
55 0 0 
56 0 0 
57 0 0 
58 0 0 
59 0 0 
60 0 0 
61 0 0 
62 0 0 
63 0 0 
64 0 0 
65 0 0 
66 0 0 
67 0 0 
68 0 0 
69 0 0 
70 0 0 
71 0 0 
72 0 0 
73 0 0 
74 0 0 
75 0 0 
76 0 0 
77 0 0 
78 0 0 
79 0 0 
80 0 0 
81 0 0 
82 0 0 
83 0 0 
84 0 0 
85 0 0 
86 0 0 
87 0 0 
88 0 0 
89 0 0 
90 0 0 
91 0 0 
92 0 0 
93 0 0 
94 0 0 
95 0 0 
96 0 0 
97 0 0 
98 0 0 
99 0 0 
100 0 0 
101 0 0 
102 0 0 
103 0 0 
104 0 0 
105 0 0 
106 0 0 
107 0 0 
108 0 0 
109 0 0 
110 0 0 
111 0 0 
112 0 0 
113 0 0 
114 0 0 
115 0 0 
116 0 0 
117 0 0 
118 0 0 
119 0 0 
120 0 0 
121 0 0 
$pf
