# fypy mesh generator
nelem=400 nnodes=441 ninteg=3 ndofn=2 nprop=2 ndime=1 gdofn=839
$coord
1 0.0 0.0 0.0 
2 0.0 0.25 0.0 
3 0.0 0.5 0.0 
4 0.0 0.75 0.0 
5 0.0 1.0 0.0 
6 0.0 1.25 0.0 
7 0.0 1.5 0.0 
8 0.0 1.75 0.0 
9 0.0 2.0 0.0 
10 0.0 2.25 0.0 
11 0.0 2.5 0.0 
12 0.0 2.75 0.0 
13 0.0 3.0 0.0 
14 0.0 3.25 0.0 
15 0.0 3.5 0.0 
16 0.0 3.75 0.0 
17 0.0 4.0 0.0 
18 0.0 4.25 0.0 
19 0.0 4.5 0.0 
20 0.0 4.75 0.0 
21 0.0 5.0 0.0 
22 0.1 0.0 0.0 
23 0.1 0.25 0.0 
24 0.1 0.5 0.0 
25 0.1 0.75 0.0 
26 0.1 1.0 0.0 
27 0.1 1.25 0.0 
28 0.1 1.5 0.0 
29 0.1 1.75 0.0 
30 0.1 2.0 0.0 
31 0.1 2.25 0.0 
32 0.1 2.5 0.0 
33 0.1 2.75 0.0 
34 0.1 3.0 0.0 
35 0.1 3.25 0.0 
36 0.1 3.5 0.0 
37 0.1 3.75 0.0 
38 0.1 4.0 0.0 
39 0.1 4.25 0.0 
40 0.1 4.5 0.0 
41 0.1 4.75 0.0 
42 0.1 5.0 0.0 
43 0.2 0.0 0.0 
44 0.2 0.25 0.0 
45 0.2 0.5 0.0 
46 0.2 0.75 0.0 
47 0.2 1.0 0.0 
48 0.2 1.25 0.0 
49 0.2 1.5 0.0 
50 0.2 1.75 0.0 
51 0.2 2.0 0.0 
52 0.2 2.25 0.0 
53 0.2 2.5 0.0 
54 0.2 2.75 0.0 
55 0.2 3.0 0.0 
56 0.2 3.25 0.0 
57 0.2 3.5 0.0 
58 0.2 3.75 0.0 
59 0.2 4.0 0.0 
60 0.2 4.25 0.0 
61 0.2 4.5 0.0 
62 0.2 4.75 0.0 
63 0.2 5.0 0.0 
64 0.30000000000000004 0.0 0.0 
65 0.30000000000000004 0.25 0.0 
66 0.30000000000000004 0.5 0.0 
67 0.30000000000000004 0.75 0.0 
68 0.30000000000000004 1.0 0.0 
69 0.30000000000000004 1.25 0.0 
70 0.30000000000000004 1.5 0.0 
71 0.30000000000000004 1.75 0.0 
72 0.30000000000000004 2.0 0.0 
73 0.30000000000000004 2.25 0.0 
74 0.30000000000000004 2.5 0.0 
75 0.30000000000000004 2.75 0.0 
76 0.30000000000000004 3.0 0.0 
77 0.30000000000000004 3.25 0.0 
78 0.30000000000000004 3.5 0.0 
79 0.30000000000000004 3.75 0.0 
80 0.30000000000000004 4.0 0.0 
81 0.30000000000000004 4.25 0.0 
82 0.30000000000000004 4.5 0.0 
83 0.30000000000000004 4.75 0.0 
84 0.30000000000000004 5.0 0.0 
85 0.4 0.0 0.0 
86 0.4 0.25 0.0 
87 0.4 0.5 0.0 
88 0.4 0.75 0.0 
89 0.4 1.0 0.0 
90 0.4 1.25 0.0 
91 0.4 1.5 0.0 
92 0.4 1.75 0.0 
93 0.4 2.0 0.0 
94 0.4 2.25 0.0 
95 0.4 2.5 0.0 
96 0.4 2.75 0.0 
97 0.4 3.0 0.0 
98 0.4 3.25 0.0 
99 0.4 3.5 0.0 
100 0.4 3.75 0.0 
101 0.4 4.0 0.0 
102 0.4 4.25 0.0 
103 0.4 4.5 0.0 
104 0.4 4.75 0.0 
105 0.4 5.0 0.0 
106 0.5 0.0 0.0 
107 0.5 0.25 0.0 
108 0.5 0.5 0.0 
109 0.5 0.75 0.0 
110 0.5 1.0 0.0 
111 0.5 1.25 0.0 
112 0.5 1.5 0.0 
113 0.5 1.75 0.0 
114 0.5 2.0 0.0 
115 0.5 2.25 0.0 
116 0.5 2.5 0.0 
117 0.5 2.75 0.0 
118 0.5 3.0 0.0 
119 0.5 3.25 0.0 
120 0.5 3.5 0.0 
121 0.5 3.75 0.0 
122 0.5 4.0 0.0 
123 0.5 4.25 0.0 
124 0.5 4.5 0.0 
125 0.5 4.75 0.0 
126 0.5 5.0 0.0 
127 0.6 0.0 0.0 
128 0.6 0.25 0.0 
129 0.6 0.5 0.0 
130 0.6 0.75 0.0 
131 0.6 1.0 0.0 
132 0.6 1.25 0.0 
133 0.6 1.5 0.0 
134 0.6 1.75 0.0 
135 0.6 2.0 0.0 
136 0.6 2.25 0.0 
137 0.6 2.5 0.0 
138 0.6 2.75 0.0 
139 0.6 3.0 0.0 
140 0.6 3.25 0.0 
141 0.6 3.5 0.0 
142 0.6 3.75 0.0 
143 0.6 4.0 0.0 
144 0.6 4.25 0.0 
145 0.6 4.5 0.0 
146 0.6 4.75 0.0 
147 0.6 5.0 0.0 
148 0.7 0.0 0.0 
149 0.7 0.25 0.0 
150 0.7 0.5 0.0 
151 0.7 0.75 0.0 
152 0.7 1.0 0.0 
153 0.7 1.25 0.0 
154 0.7 1.5 0.0 
155 0.7 1.75 0.0 
156 0.7 2.0 0.0 
157 0.7 2.25 0.0 
158 0.7 2.5 0.0 
159 0.7 2.75 0.0 
160 0.7 3.0 0.0 
161 0.7 3.25 0.0 
162 0.7 3.5 0.0 
163 0.7 3.75 0.0 
164 0.7 4.0 0.0 
165 0.7 4.25 0.0 
166 0.7 4.5 0.0 
167 0.7 4.75 0.0 
168 0.7 5.0 0.0 
169 0.7999999999999999 0.0 0.0 
170 0.7999999999999999 0.25 0.0 
171 0.7999999999999999 0.5 0.0 
172 0.7999999999999999 0.75 0.0 
173 0.7999999999999999 1.0 0.0 
174 0.7999999999999999 1.25 0.0 
175 0.7999999999999999 1.5 0.0 
176 0.7999999999999999 1.75 0.0 
177 0.7999999999999999 2.0 0.0 
178 0.7999999999999999 2.25 0.0 
179 0.7999999999999999 2.5 0.0 
180 0.7999999999999999 2.75 0.0 
181 0.7999999999999999 3.0 0.0 
182 0.7999999999999999 3.25 0.0 
183 0.7999999999999999 3.5 0.0 
184 0.7999999999999999 3.75 0.0 
185 0.7999999999999999 4.0 0.0 
186 0.7999999999999999 4.25 0.0 
187 0.7999999999999999 4.5 0.0 
188 0.7999999999999999 4.75 0.0 
189 0.7999999999999999 5.0 0.0 
190 0.8999999999999999 0.0 0.0 
191 0.8999999999999999 0.25 0.0 
192 0.8999999999999999 0.5 0.0 
193 0.8999999999999999 0.75 0.0 
194 0.8999999999999999 1.0 0.0 
195 0.8999999999999999 1.25 0.0 
196 0.8999999999999999 1.5 0.0 
197 0.8999999999999999 1.75 0.0 
198 0.8999999999999999 2.0 0.0 
199 0.8999999999999999 2.25 0.0 
200 0.8999999999999999 2.5 0.0 
201 0.8999999999999999 2.75 0.0 
202 0.8999999999999999 3.0 0.0 
203 0.8999999999999999 3.25 0.0 
204 0.8999999999999999 3.5 0.0 
205 0.8999999999999999 3.75 0.0 
206 0.8999999999999999 4.0 0.0 
207 0.8999999999999999 4.25 0.0 
208 0.8999999999999999 4.5 0.0 
209 0.8999999999999999 4.75 0.0 
210 0.8999999999999999 5.0 0.0 
211 0.9999999999999999 0.0 0.0 
212 0.9999999999999999 0.25 0.0 
213 0.9999999999999999 0.5 0.0 
214 0.9999999999999999 0.75 0.0 
215 0.9999999999999999 1.0 0.0 
216 0.9999999999999999 1.25 0.0 
217 0.9999999999999999 1.5 0.0 
218 0.9999999999999999 1.75 0.0 
219 0.9999999999999999 2.0 0.0 
220 0.9999999999999999 2.25 0.0 
221 0.9999999999999999 2.5 0.0 
222 0.9999999999999999 2.75 0.0 
223 0.9999999999999999 3.0 0.0 
224 0.9999999999999999 3.25 0.0 
225 0.9999999999999999 3.5 0.0 
226 0.9999999999999999 3.75 0.0 
227 0.9999999999999999 4.0 0.0 
228 0.9999999999999999 4.25 0.0 
229 0.9999999999999999 4.5 0.0 
230 0.9999999999999999 4.75 0.0 
231 0.9999999999999999 5.0 0.0 
232 1.0999999999999999 0.0 0.0 
233 1.0999999999999999 0.25 0.0 
234 1.0999999999999999 0.5 0.0 
235 1.0999999999999999 0.75 0.0 
236 1.0999999999999999 1.0 0.0 
237 1.0999999999999999 1.25 0.0 
238 1.0999999999999999 1.5 0.0 
239 1.0999999999999999 1.75 0.0 
240 1.0999999999999999 2.0 0.0 
241 1.0999999999999999 2.25 0.0 
242 1.0999999999999999 2.5 0.0 
243 1.0999999999999999 2.75 0.0 
244 1.0999999999999999 3.0 0.0 
245 1.0999999999999999 3.25 0.0 
246 1.0999999999999999 3.5 0.0 
247 1.0999999999999999 3.75 0.0 
248 1.0999999999999999 4.0 0.0 
249 1.0999999999999999 4.25 0.0 
250 1.0999999999999999 4.5 0.0 
251 1.0999999999999999 4.75 0.0 
252 1.0999999999999999 5.0 0.0 
253 1.2 0.0 0.0 
254 1.2 0.25 0.0 
255 1.2 0.5 0.0 
256 1.2 0.75 0.0 
257 1.2 1.0 0.0 
258 1.2 1.25 0.0 
259 1.2 1.5 0.0 
260 1.2 1.75 0.0 
261 1.2 2.0 0.0 
262 1.2 2.25 0.0 
263 1.2 2.5 0.0 
264 1.2 2.75 0.0 
265 1.2 3.0 0.0 
266 1.2 3.25 0.0 
267 1.2 3.5 0.0 
268 1.2 3.75 0.0 
269 1.2 4.0 0.0 
270 1.2 4.25 0.0 
271 1.2 4.5 0.0 
272 1.2 4.75 0.0 
273 1.2 5.0 0.0 
274 1.3 0.0 0.0 
275 1.3 0.25 0.0 
276 1.3 0.5 0.0 
277 1.3 0.75 0.0 
278 1.3 1.0 0.0 
279 1.3 1.25 0.0 
280 1.3 1.5 0.0 
281 1.3 1.75 0.0 
282 1.3 2.0 0.0 
283 1.3 2.25 0.0 
284 1.3 2.5 0.0 
285 1.3 2.75 0.0 
286 1.3 3.0 0.0 
287 1.3 3.25 0.0 
288 1.3 3.5 0.0 
289 1.3 3.75 0.0 
290 1.3 4.0 0.0 
291 1.3 4.25 0.0 
292 1.3 4.5 0.0 
293 1.3 4.75 0.0 
294 1.3 5.0 0.0 
295 1.4000000000000001 0.0 0.0 
296 1.4000000000000001 0.25 0.0 
297 1.4000000000000001 0.5 0.0 
298 1.4000000000000001 0.75 0.0 
299 1.4000000000000001 1.0 0.0 
300 1.4000000000000001 1.25 0.0 
301 1.4000000000000001 1.5 0.0 
302 1.4000000000000001 1.75 0.0 
303 1.4000000000000001 2.0 0.0 
304 1.4000000000000001 2.25 0.0 
305 1.4000000000000001 2.5 0.0 
306 1.4000000000000001 2.75 0.0 
307 1.4000000000000001 3.0 0.0 
308 1.4000000000000001 3.25 0.0 
309 1.4000000000000001 3.5 0.0 
310 1.4000000000000001 3.75 0.0 
311 1.4000000000000001 4.0 0.0 
312 1.4000000000000001 4.25 0.0 
313 1.4000000000000001 4.5 0.0 
314 1.4000000000000001 4.75 0.0 
315 1.4000000000000001 5.0 0.0 
316 1.5000000000000002 0.0 0.0 
317 1.5000000000000002 0.25 0.0 
318 1.5000000000000002 0.5 0.0 
319 1.5000000000000002 0.75 0.0 
320 1.5000000000000002 1.0 0.0 
321 1.5000000000000002 1.25 0.0 
322 1.5000000000000002 1.5 0.0 
323 1.5000000000000002 1.75 0.0 
324 1.5000000000000002 2.0 0.0 
325 1.5000000000000002 2.25 0.0 
326 1.5000000000000002 2.5 0.0 
327 1.5000000000000002 2.75 0.0 
328 1.5000000000000002 3.0 0.0 
329 1.5000000000000002 3.25 0.0 
330 1.5000000000000002 3.5 0.0 
331 1.5000000000000002 3.75 0.0 
332 1.5000000000000002 4.0 0.0 
333 1.5000000000000002 4.25 0.0 
334 1.5000000000000002 4.5 0.0 
335 1.5000000000000002 4.75 0.0 
336 1.5000000000000002 5.0 0.0 
337 1.6000000000000003 0.0 0.0 
338 1.6000000000000003 0.25 0.0 
339 1.6000000000000003 0.5 0.0 
340 1.6000000000000003 0.75 0.0 
341 1.6000000000000003 1.0 0.0 
342 1.6000000000000003 1.25 0.0 
343 1.6000000000000003 1.5 0.0 
344 1.6000000000000003 1.75 0.0 
345 1.6000000000000003 2.0 0.0 
346 1.6000000000000003 2.25 0.0 
347 1.6000000000000003 2.5 0.0 
348 1.6000000000000003 2.75 0.0 
349 1.6000000000000003 3.0 0.0 
350 1.6000000000000003 3.25 0.0 
351 1.6000000000000003 3.5 0.0 
352 1.6000000000000003 3.75 0.0 
353 1.6000000000000003 4.0 0.0 
354 1.6000000000000003 4.25 0.0 
355 1.6000000000000003 4.5 0.0 
356 1.6000000000000003 4.75 0.0 
357 1.6000000000000003 5.0 0.0 
358 1.7000000000000004 0.0 0.0 
359 1.7000000000000004 0.25 0.0 
360 1.7000000000000004 0.5 0.0 
361 1.7000000000000004 0.75 0.0 
362 1.7000000000000004 1.0 0.0 
363 1.7000000000000004 1.25 0.0 
364 1.7000000000000004 1.5 0.0 
365 1.7000000000000004 1.75 0.0 
366 1.7000000000000004 2.0 0.0 
367 1.7000000000000004 2.25 0.0 
368 1.7000000000000004 2.5 0.0 
369 1.7000000000000004 2.75 0.0 
370 1.7000000000000004 3.0 0.0 
371 1.7000000000000004 3.25 0.0 
372 1.7000000000000004 3.5 0.0 
373 1.7000000000000004 3.75 0.0 
374 1.7000000000000004 4.0 0.0 
375 1.7000000000000004 4.25 0.0 
376 1.7000000000000004 4.5 0.0 
377 1.7000000000000004 4.75 0.0 
378 1.7000000000000004 5.0 0.0 
379 1.8000000000000005 0.0 0.0 
380 1.8000000000000005 0.25 0.0 
381 1.8000000000000005 0.5 0.0 
382 1.8000000000000005 0.75 0.0 
383 1.8000000000000005 1.0 0.0 
384 1.8000000000000005 1.25 0.0 
385 1.8000000000000005 1.5 0.0 
386 1.8000000000000005 1.75 0.0 
387 1.8000000000000005 2.0 0.0 
388 1.8000000000000005 2.25 0.0 
389 1.8000000000000005 2.5 0.0 
390 1.8000000000000005 2.75 0.0 
391 1.8000000000000005 3.0 0.0 
392 1.8000000000000005 3.25 0.0 
393 1.8000000000000005 3.5 0.0 
394 1.8000000000000005 3.75 0.0 
395 1.8000000000000005 4.0 0.0 
396 1.8000000000000005 4.25 0.0 
397 1.8000000000000005 4.5 0.0 
398 1.8000000000000005 4.75 0.0 
399 1.8000000000000005 5.0 0.0 
400 1.9000000000000006 0.0 0.0 
401 1.9000000000000006 0.25 0.0 
402 1.9000000000000006 0.5 0.0 
403 1.9000000000000006 0.75 0.0 
404 1.9000000000000006 1.0 0.0 
405 1.9000000000000006 1.25 0.0 
406 1.9000000000000006 1.5 0.0 
407 1.9000000000000006 1.75 0.0 
408 1.9000000000000006 2.0 0.0 
409 1.9000000000000006 2.25 0.0 
410 1.9000000000000006 2.5 0.0 
411 1.9000000000000006 2.75 0.0 
412 1.9000000000000006 3.0 0.0 
413 1.9000000000000006 3.25 0.0 
414 1.9000000000000006 3.5 0.0 
415 1.9000000000000006 3.75 0.0 
416 1.9000000000000006 4.0 0.0 
417 1.9000000000000006 4.25 0.0 
418 1.9000000000000006 4.5 0.0 
419 1.9000000000000006 4.75 0.0 
420 1.9000000000000006 5.0 0.0 
421 2.0000000000000004 0.0 0.0 
422 2.0000000000000004 0.25 0.0 
423 2.0000000000000004 0.5 0.0 
424 2.0000000000000004 0.75 0.0 
425 2.0000000000000004 1.0 0.0 
426 2.0000000000000004 1.25 0.0 
427 2.0000000000000004 1.5 0.0 
428 2.0000000000000004 1.75 0.0 
429 2.0000000000000004 2.0 0.0 
430 2.0000000000000004 2.25 0.0 
431 2.0000000000000004 2.5 0.0 
432 2.0000000000000004 2.75 0.0 
433 2.0000000000000004 3.0 0.0 
434 2.0000000000000004 3.25 0.0 
435 2.0000000000000004 3.5 0.0 
436 2.0000000000000004 3.75 0.0 
437 2.0000000000000004 4.0 0.0 
438 2.0000000000000004 4.25 0.0 
439 2.0000000000000004 4.5 0.0 
440 2.0000000000000004 4.75 0.0 
441 2.0000000000000004 5.0 0.0 
$coord
$conn
1 1 22 23 2 linelas2d 
2 2 23 24 3 linelas2d 
3 3 24 25 4 linelas2d 
4 4 25 26 5 linelas2d 
5 5 26 27 6 linelas2d 
6 6 27 28 7 linelas2d 
7 7 28 29 8 linelas2d 
8 8 29 30 9 linelas2d 
9 9 30 31 10 linelas2d 
10 10 31 32 11 linelas2d 
11 11 32 33 12 linelas2d 
12 12 33 34 13 linelas2d 
13 13 34 35 14 linelas2d 
14 14 35 36 15 linelas2d 
15 15 36 37 16 linelas2d 
16 16 37 38 17 linelas2d 
17 17 38 39 18 linelas2d 
18 18 39 40 19 linelas2d 
19 19 40 41 20 linelas2d 
20 20 41 42 21 linelas2d 
21 22 43 44 23 linelas2d 
22 23 44 45 24 linelas2d 
23 24 45 46 25 linelas2d 
24 25 46 47 26 linelas2d 
25 26 47 48 27 linelas2d 
26 27 48 49 28 linelas2d 
27 28 49 50 29 linelas2d 
28 29 50 51 30 linelas2d 
29 30 51 52 31 linelas2d 
30 31 52 53 32 linelas2d 
31 32 53 54 33 linelas2d 
32 33 54 55 34 linelas2d 
33 34 55 56 35 linelas2d 
34 35 56 57 36 linelas2d 
35 36 57 58 37 linelas2d 
36 37 58 59 38 linelas2d 
37 38 59 60 39 linelas2d 
38 39 60 61 40 linelas2d 
39 40 61 62 41 linelas2d 
40 41 62 63 42 linelas2d 
41 43 64 65 44 linelas2d 
42 44 65 66 45 linelas2d 
43 45 66 67 46 linelas2d 
44 46 67 68 47 linelas2d 
45 47 68 69 48 linelas2d 
46 48 69 70 49 linelas2d 
47 49 70 71 50 linelas2d 
48 50 71 72 51 linelas2d 
49 51 72 73 52 linelas2d 
50 52 73 74 53 linelas2d 
51 53 74 75 54 linelas2d 
52 54 75 76 55 linelas2d 
53 55 76 77 56 linelas2d 
54 56 77 78 57 linelas2d 
55 57 78 79 58 linelas2d 
56 58 79 80 59 linelas2d 
57 59 80 81 60 linelas2d 
58 60 81 82 61 linelas2d 
59 61 82 83 62 linelas2d 
60 62 83 84 63 linelas2d 
61 64 85 86 65 linelas2d 
62 65 86 87 66 linelas2d 
63 66 87 88 67 linelas2d 
64 67 88 89 68 linelas2d 
65 68 89 90 69 linelas2d 
66 69 90 91 70 linelas2d 
67 70 91 92 71 linelas2d 
68 71 92 93 72 linelas2d 
69 72 93 94 73 linelas2d 
70 73 94 95 74 linelas2d 
71 74 95 96 75 linelas2d 
72 75 96 97 76 linelas2d 
73 76 97 98 77 linelas2d 
74 77 98 99 78 linelas2d 
75 78 99 100 79 linelas2d 
76 79 100 101 80 linelas2d 
77 80 101 102 81 linelas2d 
78 81 102 103 82 linelas2d 
79 82 103 104 83 linelas2d 
80 83 104 105 84 linelas2d 
81 85 106 107 86 linelas2d 
82 86 107 108 87 linelas2d 
83 87 108 109 88 linelas2d 
84 88 109 110 89 linelas2d 
85 89 110 111 90 linelas2d 
86 90 111 112 91 linelas2d 
87 91 112 113 92 linelas2d 
88 92 113 114 93 linelas2d 
89 93 114 115 94 linelas2d 
90 94 115 116 95 linelas2d 
91 95 116 117 96 linelas2d 
92 96 117 118 97 linelas2d 
93 97 118 119 98 linelas2d 
94 98 119 120 99 linelas2d 
95 99 120 121 100 linelas2d 
96 100 121 122 101 linelas2d 
97 101 122 123 102 linelas2d 
98 102 123 124 103 linelas2d 
99 103 124 125 104 linelas2d 
100 104 125 126 105 linelas2d 
101 106 127 128 107 linelas2d 
102 107 128 129 108 linelas2d 
103 108 129 130 109 linelas2d 
104 109 130 131 110 linelas2d 
105 110 131 132 111 linelas2d 
106 111 132 133 112 linelas2d 
107 112 133 134 113 linelas2d 
108 113 134 135 114 linelas2d 
109 114 135 136 115 linelas2d 
110 115 136 137 116 linelas2d 
111 116 137 138 117 linelas2d 
112 117 138 139 118 linelas2d 
113 118 139 140 119 linelas2d 
114 119 140 141 120 linelas2d 
115 120 141 142 121 linelas2d 
116 121 142 143 122 linelas2d 
117 122 143 144 123 linelas2d 
118 123 144 145 124 linelas2d 
119 124 145 146 125 linelas2d 
120 125 146 147 126 linelas2d 
121 127 148 149 128 linelas2d 
122 128 149 150 129 linelas2d 
123 129 150 151 130 linelas2d 
124 130 151 152 131 linelas2d 
125 131 152 153 132 linelas2d 
126 132 153 154 133 linelas2d 
127 133 154 155 134 linelas2d 
128 134 155 156 135 linelas2d 
129 135 156 157 136 linelas2d 
130 136 157 158 137 linelas2d 
131 137 158 159 138 linelas2d 
132 138 159 160 139 linelas2d 
133 139 160 161 140 linelas2d 
134 140 161 162 141 linelas2d 
135 141 162 163 142 linelas2d 
136 142 163 164 143 linelas2d 
137 143 164 165 144 linelas2d 
138 144 165 166 145 linelas2d 
139 145 166 167 146 linelas2d 
140 146 167 168 147 linelas2d 
141 148 169 170 149 linelas2d 
142 149 170 171 150 linelas2d 
143 150 171 172 151 linelas2d 
144 151 172 173 152 linelas2d 
145 152 173 174 153 linelas2d 
146 153 174 175 154 linelas2d 
147 154 175 176 155 linelas2d 
148 155 176 177 156 linelas2d 
149 156 177 178 157 linelas2d 
150 157 178 179 158 linelas2d 
151 158 179 180 159 linelas2d 
152 159 180 181 160 linelas2d 
153 160 181 182 161 linelas2d 
154 161 182 183 162 linelas2d 
155 162 183 184 163 linelas2d 
156 163 184 185 164 linelas2d 
157 164 185 186 165 linelas2d 
158 165 186 187 166 linelas2d 
159 166 187 188 167 linelas2d 
160 167 188 189 168 linelas2d 
161 169 190 191 170 linelas2d 
162 170 191 192 171 linelas2d 
163 171 192 193 172 linelas2d 
164 172 193 194 173 linelas2d 
165 173 194 195 174 linelas2d 
166 174 195 196 175 linelas2d 
167 175 196 197 176 linelas2d 
168 176 197 198 177 linelas2d 
169 177 198 199 178 linelas2d 
170 178 199 200 179 linelas2d 
171 179 200 201 180 linelas2d 
172 180 201 202 181 linelas2d 
173 181 202 203 182 linelas2d 
174 182 203 204 183 linelas2d 
175 183 204 205 184 linelas2d 
176 184 205 206 185 linelas2d 
177 185 206 207 186 linelas2d 
178 186 207 208 187 linelas2d 
179 187 208 209 188 linelas2d 
180 188 209 210 189 linelas2d 
181 190 211 212 191 linelas2d 
182 191 212 213 192 linelas2d 
183 192 213 214 193 linelas2d 
184 193 214 215 194 linelas2d 
185 194 215 216 195 linelas2d 
186 195 216 217 196 linelas2d 
187 196 217 218 197 linelas2d 
188 197 218 219 198 linelas2d 
189 198 219 220 199 linelas2d 
190 199 220 221 200 linelas2d 
191 200 221 222 201 linelas2d 
192 201 222 223 202 linelas2d 
193 202 223 224 203 linelas2d 
194 203 224 225 204 linelas2d 
195 204 225 226 205 linelas2d 
196 205 226 227 206 linelas2d 
197 206 227 228 207 linelas2d 
198 207 228 229 208 linelas2d 
199 208 229 230 209 linelas2d 
200 209 230 231 210 linelas2d 
201 211 232 233 212 linelas2d 
202 212 233 234 213 linelas2d 
203 213 234 235 214 linelas2d 
204 214 235 236 215 linelas2d 
205 215 236 237 216 linelas2d 
206 216 237 238 217 linelas2d 
207 217 238 239 218 linelas2d 
208 218 239 240 219 linelas2d 
209 219 240 241 220 linelas2d 
210 220 241 242 221 linelas2d 
211 221 242 243 222 linelas2d 
212 222 243 244 223 linelas2d 
213 223 244 245 224 linelas2d 
214 224 245 246 225 linelas2d 
215 225 246 247 226 linelas2d 
216 226 247 248 227 linelas2d 
217 227 248 249 228 linelas2d 
218 228 249 250 229 linelas2d 
219 229 250 251 230 linelas2d 
220 230 251 252 231 linelas2d 
221 232 253 254 233 linelas2d 
222 233 254 255 234 linelas2d 
223 234 255 256 235 linelas2d 
224 235 256 257 236 linelas2d 
225 236 257 258 237 linelas2d 
226 237 258 259 238 linelas2d 
227 238 259 260 239 linelas2d 
228 239 260 261 240 linelas2d 
229 240 261 262 241 linelas2d 
230 241 262 263 242 linelas2d 
231 242 263 264 243 linelas2d 
232 243 264 265 244 linelas2d 
233 244 265 266 245 linelas2d 
234 245 266 267 246 linelas2d 
235 246 267 268 247 linelas2d 
236 247 268 269 248 linelas2d 
237 248 269 270 249 linelas2d 
238 249 270 271 250 linelas2d 
239 250 271 272 251 linelas2d 
240 251 272 273 252 linelas2d 
241 253 274 275 254 linelas2d 
242 254 275 276 255 linelas2d 
243 255 276 277 256 linelas2d 
244 256 277 278 257 linelas2d 
245 257 278 279 258 linelas2d 
246 258 279 280 259 linelas2d 
247 259 280 281 260 linelas2d 
248 260 281 282 261 linelas2d 
249 261 282 283 262 linelas2d 
250 262 283 284 263 linelas2d 
251 263 284 285 264 linelas2d 
252 264 285 286 265 linelas2d 
253 265 286 287 266 linelas2d 
254 266 287 288 267 linelas2d 
255 267 288 289 268 linelas2d 
256 268 289 290 269 linelas2d 
257 269 290 291 270 linelas2d 
258 270 291 292 271 linelas2d 
259 271 292 293 272 linelas2d 
260 272 293 294 273 linelas2d 
261 274 295 296 275 linelas2d 
262 275 296 297 276 linelas2d 
263 276 297 298 277 linelas2d 
264 277 298 299 278 linelas2d 
265 278 299 300 279 linelas2d 
266 279 300 301 280 linelas2d 
267 280 301 302 281 linelas2d 
268 281 302 303 282 linelas2d 
269 282 303 304 283 linelas2d 
270 283 304 305 284 linelas2d 
271 284 305 306 285 linelas2d 
272 285 306 307 286 linelas2d 
273 286 307 308 287 linelas2d 
274 287 308 309 288 linelas2d 
275 288 309 310 289 linelas2d 
276 289 310 311 290 linelas2d 
277 290 311 312 291 linelas2d 
278 291 312 313 292 linelas2d 
279 292 313 314 293 linelas2d 
280 293 314 315 294 linelas2d 
281 295 316 317 296 linelas2d 
282 296 317 318 297 linelas2d 
283 297 318 319 298 linelas2d 
284 298 319 320 299 linelas2d 
285 299 320 321 300 linelas2d 
286 300 321 322 301 linelas2d 
287 301 322 323 302 linelas2d 
288 302 323 324 303 linelas2d 
289 303 324 325 304 linelas2d 
290 304 325 326 305 linelas2d 
291 305 326 327 306 linelas2d 
292 306 327 328 307 linelas2d 
293 307 328 329 308 linelas2d 
294 308 329 330 309 linelas2d 
295 309 330 331 310 linelas2d 
296 310 331 332 311 linelas2d 
297 311 332 333 312 linelas2d 
298 312 333 334 313 linelas2d 
299 313 334 335 314 linelas2d 
300 314 335 336 315 linelas2d 
301 316 337 338 317 linelas2d 
302 317 338 339 318 linelas2d 
303 318 339 340 319 linelas2d 
304 319 340 341 320 linelas2d 
305 320 341 342 321 linelas2d 
306 321 342 343 322 linelas2d 
307 322 343 344 323 linelas2d 
308 323 344 345 324 linelas2d 
309 324 345 346 325 linelas2d 
310 325 346 347 326 linelas2d 
311 326 347 348 327 linelas2d 
312 327 348 349 328 linelas2d 
313 328 349 350 329 linelas2d 
314 329 350 351 330 linelas2d 
315 330 351 352 331 linelas2d 
316 331 352 353 332 linelas2d 
317 332 353 354 333 linelas2d 
318 333 354 355 334 linelas2d 
319 334 355 356 335 linelas2d 
320 335 356 357 336 linelas2d 
321 337 358 359 338 linelas2d 
322 338 359 360 339 linelas2d 
323 339 360 361 340 linelas2d 
324 340 361 362 341 linelas2d 
325 341 362 363 342 linelas2d 
326 342 363 364 343 linelas2d 
327 343 364 365 344 linelas2d 
328 344 365 366 345 linelas2d 
329 345 366 367 346 linelas2d 
330 346 367 368 347 linelas2d 
331 347 368 369 348 linelas2d 
332 348 369 370 349 linelas2d 
333 349 370 371 350 linelas2d 
334 350 371 372 351 linelas2d 
335 351 372 373 352 linelas2d 
336 352 373 374 353 linelas2d 
337 353 374 375 354 linelas2d 
338 354 375 376 355 linelas2d 
339 355 376 377 356 linelas2d 
340 356 377 378 357 linelas2d 
341 358 379 380 359 linelas2d 
342 359 380 381 360 linelas2d 
343 360 381 382 361 linelas2d 
344 361 382 383 362 linelas2d 
345 362 383 384 363 linelas2d 
346 363 384 385 364 linelas2d 
347 364 385 386 365 linelas2d 
348 365 386 387 366 linelas2d 
349 366 387 388 367 linelas2d 
350 367 388 389 368 linelas2d 
351 368 389 390 369 linelas2d 
352 369 390 391 370 linelas2d 
353 370 391 392 371 linelas2d 
354 371 392 393 372 linelas2d 
355 372 393 394 373 linelas2d 
356 373 394 395 374 linelas2d 
357 374 395 396 375 linelas2d 
358 375 396 397 376 linelas2d 
359 376 397 398 377 linelas2d 
360 377 398 399 378 linelas2d 
361 379 400 401 380 linelas2d 
362 380 401 402 381 linelas2d 
363 381 402 403 382 linelas2d 
364 382 403 404 383 linelas2d 
365 383 404 405 384 linelas2d 
366 384 405 406 385 linelas2d 
367 385 406 407 386 linelas2d 
368 386 407 408 387 linelas2d 
369 387 408 409 388 linelas2d 
370 388 409 410 389 linelas2d 
371 389 410 411 390 linelas2d 
372 390 411 412 391 linelas2d 
373 391 412 413 392 linelas2d 
374 392 413 414 393 linelas2d 
375 393 414 415 394 linelas2d 
376 394 415 416 395 linelas2d 
377 395 416 417 396 linelas2d 
378 396 417 418 397 linelas2d 
379 397 418 419 398 linelas2d 
380 398 419 420 399 linelas2d 
381 400 421 422 401 linelas2d 
382 401 422 423 402 linelas2d 
383 402 423 424 403 linelas2d 
384 403 424 425 404 linelas2d 
385 404 425 426 405 linelas2d 
386 405 426 427 406 linelas2d 
387 406 427 428 407 linelas2d 
388 407 428 429 408 linelas2d 
389 408 429 430 409 linelas2d 
390 409 430 431 410 linelas2d 
391 410 431 432 411 linelas2d 
392 411 432 433 412 linelas2d 
393 412 433 434 413 linelas2d 
394 413 434 435 414 linelas2d 
395 414 435 436 415 linelas2d 
396 415 436 437 416 linelas2d 
397 416 437 438 417 linelas2d 
398 417 438 439 418 linelas2d 
399 418 439 440 419 linelas2d 
400 419 440 441 420 linelas2d 
$conn
$prop
1 2.0 1 
2 2.0 1 
3 2.0 1 
4 2.0 1 
5 2.0 1 
6 2.0 1 
7 2.0 1 
8 2.0 1 
9 2.0 1 
10 2.0 1 
11 2.0 1 
12 2.0 1 
13 2.0 1 
14 2.0 1 
15 2.0 1 
16 2.0 1 
17 2.0 1 
18 2.0 1 
19 2.0 1 
20 2.0 1 
21 2.0 1 
22 2.0 1 
23 2.0 1 
24 2.0 1 
25 2.0 1 
26 2.0 1 
27 2.0 1 
28 2.0 1 
29 2.0 1 
30 2.0 1 
31 2.0 1 
32 2.0 1 
33 2.0 1 
34 2.0 1 
35 2.0 1 
36 2.0 1 
37 2.0 1 
38 2.0 1 
39 2.0 1 
40 2.0 1 
41 2.0 1 
42 2.0 1 
43 2.0 1 
44 2.0 1 
45 2.0 1 
46 2.0 1 
47 2.0 1 
48 2.0 1 
49 2.0 1 
50 2.0 1 
51 2.0 1 
52 2.0 1 
53 2.0 1 
54 2.0 1 
55 2.0 1 
56 2.0 1 
57 2.0 1 
58 2.0 1 
59 2.0 1 
60 2.0 1 
61 2.0 1 
62 2.0 1 
63 2.0 1 
64 2.0 1 
65 2.0 1 
66 2.0 1 
67 2.0 1 
68 2.0 1 
69 2.0 1 
70 2.0 1 
71 2.0 1 
72 2.0 1 
73 2.0 1 
74 2.0 1 
75 2.0 1 
76 2.0 1 
77 2.0 1 
78 2.0 1 
79 2.0 1 
80 2.0 1 
81 2.0 1 
82 2.0 1 
83 2.0 1 
84 2.0 1 
85 2.0 1 
86 2.0 1 
87 2.0 1 
88 2.0 1 
89 2.0 1 
90 2.0 1 
91 2.0 1 
92 2.0 1 
93 2.0 1 
94 2.0 1 
95 2.0 1 
96 2.0 1 
97 2.0 1 
98 2.0 1 
99 2.0 1 
100 2.0 1 
101 2.0 1 
102 2.0 1 
103 2.0 1 
104 2.0 1 
105 2.0 1 
106 2.0 1 
107 2.0 1 
108 2.0 1 
109 2.0 1 
110 2.0 1 
111 2.0 1 
112 2.0 1 
113 2.0 1 
114 2.0 1 
115 2.0 1 
116 2.0 1 
117 2.0 1 
118 2.0 1 
119 2.0 1 
120 2.0 1 
121 2.0 1 
122 2.0 1 
123 2.0 1 
124 2.0 1 
125 2.0 1 
126 2.0 1 
127 2.0 1 
128 2.0 1 
129 2.0 1 
130 2.0 1 
131 2.0 1 
132 2.0 1 
133 2.0 1 
134 2.0 1 
135 2.0 1 
136 2.0 1 
137 2.0 1 
138 2.0 1 
139 2.0 1 
140 2.0 1 
141 2.0 1 
142 2.0 1 
143 2.0 1 
144 2.0 1 
145 2.0 1 
146 2.0 1 
147 2.0 1 
148 2.0 1 
149 2.0 1 
150 2.0 1 
151 2.0 1 
152 2.0 1 
153 2.0 1 
154 2.0 1 
155 2.0 1 
156 2.0 1 
157 2.0 1 
158 2.0 1 
159 2.0 1 
160 2.0 1 
161 2.0 1 
162 2.0 1 
163 2.0 1 
164 2.0 1 
165 2.0 1 
166 2.0 1 
167 2.0 1 
168 2.0 1 
169 2.0 1 
170 2.0 1 
171 2.0 1 
172 2.0 1 
173 2.0 1 
174 2.0 1 
175 2.0 1 
176 2.0 1 
177 2.0 1 
178 2.0 1 
179 2.0 1 
180 2.0 1 
181 2.0 1 
182 2.0 1 
183 2.0 1 
184 2.0 1 
185 2.0 1 
186 2.0 1 
187 2.0 1 
188 2.0 1 
189 2.0 1 
190 2.0 1 
191 2.0 1 
192 2.0 1 
193 2.0 1 
194 2.0 1 
195 2.0 1 
196 2.0 1 
197 2.0 1 
198 2.0 1 
199 2.0 1 
200 2.0 1 
201 2.0 1 
202 2.0 1 
203 2.0 1 
204 2.0 1 
205 2.0 1 
206 2.0 1 
207 2.0 1 
208 2.0 1 
209 2.0 1 
210 2.0 1 
211 2.0 1 
212 2.0 1 
213 2.0 1 
214 2.0 1 
215 2.0 1 
216 2.0 1 
217 2.0 1 
218 2.0 1 
219 2.0 1 
220 2.0 1 
221 2.0 1 
222 2.0 1 
223 2.0 1 
224 2.0 1 
225 2.0 1 
226 2.0 1 
227 2.0 1 
228 2.0 1 
229 2.0 1 
230 2.0 1 
231 2.0 1 
232 2.0 1 
233 2.0 1 
234 2.0 1 
235 2.0 1 
236 2.0 1 
237 2.0 1 
238 2.0 1 
239 2.0 1 
240 2.0 1 
241 2.0 1 
242 2.0 1 
243 2.0 1 
244 2.0 1 
245 2.0 1 
246 2.0 1 
247 2.0 1 
248 2.0 1 
249 2.0 1 
250 2.0 1 
251 2.0 1 
252 2.0 1 
253 2.0 1 
254 2.0 1 
255 2.0 1 
256 2.0 1 
257 2.0 1 
258 2.0 1 
259 2.0 1 
260 2.0 1 
261 2.0 1 
262 2.0 1 
263 2.0 1 
264 2.0 1 
265 2.0 1 
266 2.0 1 
267 2.0 1 
268 2.0 1 
269 2.0 1 
270 2.0 1 
271 2.0 1 
272 2.0 1 
273 2.0 1 
274 2.0 1 
275 2.0 1 
276 2.0 1 
277 2.0 1 
278 2.0 1 
279 2.0 1 
280 2.0 1 
281 2.0 1 
282 2.0 1 
283 2.0 1 
284 2.0 1 
285 2.0 1 
286 2.0 1 
287 2.0 1 
288 2.0 1 
289 2.0 1 
290 2.0 1 
291 2.0 1 
292 2.0 1 
293 2.0 1 
294 2.0 1 
295 2.0 1 
296 2.0 1 
297 2.0 1 
298 2.0 1 
299 2.0 1 
300 2.0 1 
301 2.0 1 
302 2.0 1 
303 2.0 1 
304 2.0 1 
305 2.0 1 
306 2.0 1 
307 2.0 1 
308 2.0 1 
309 2.0 1 
310 2.0 1 
311 2.0 1 
312 2.0 1 
313 2.0 1 
314 2.0 1 
315 2.0 1 
316 2.0 1 
317 2.0 1 
318 2.0 1 
319 2.0 1 
320 2.0 1 
321 2.0 1 
322 2.0 1 
323 2.0 1 
324 2.0 1 
325 2.0 1 
326 2.0 1 
327 2.0 1 
328 2.0 1 
329 2.0 1 
330 2.0 1 
331 2.0 1 
332 2.0 1 
333 2.0 1 
334 2.0 1 
335 2.0 1 
336 2.0 1 
337 2.0 1 
338 2.0 1 
339 2.0 1 
340 2.0 1 
341 2.0 1 
342 2.0 1 
343 2.0 1 
344 2.0 1 
345 2.0 1 
346 2.0 1 
347 2.0 1 
348 2.0 1 
349 2.0 1 
350 2.0 1 
351 2.0 1 
352 2.0 1 
353 2.0 1 
354 2.0 1 
355 2.0 1 
356 2.0 1 
357 2.0 1 
358 2.0 1 
359 2.0 1 
360 2.0 1 
361 2.0 1 
362 2.0 1 
363 2.0 1 
364 2.0 1 
365 2.0 1 
366 2.0 1 
367 2.0 1 
368 2.0 1 
369 2.0 1 
370 2.0 1 
371 2.0 1 
372 2.0 1 
373 2.0 1 
374 2.0 1 
375 2.0 1 
376 2.0 1 
377 2.0 1 
378 2.0 1 
379 2.0 1 
380 2.0 1 
381 2.0 1 
382 2.0 1 
383 2.0 1 
384 2.0 1 
385 2.0 1 
386 2.0 1 
387 2.0 1 
388 2.0 1 
389 2.0 1 
390 2.0 1 
391 2.0 1 
392 2.0 1 
393 2.0 1 
394 2.0 1 
395 2.0 1 
396 2.0 1 
397 2.0 1 
398 2.0 1 
399 2.0 1 
400 2.0 1 
401 2.0 1 
402 2.0 1 
403 2.0 1 
404 2.0 1 
405 2.0 1 
406 2.0 1 
407 2.0 1 
408 2.0 1 
409 2.0 1 
410 2.0 1 
411 2.0 1 
412 2.0 1 
413 2.0 1 
414 2.0 1 
415 2.0 1 
416 2.0 1 
417 2.0 1 
418 2.0 1 
419 2.0 1 
420 2.0 1 
421 2.0 1 
422 2.0 1 
423 2.0 1 
424 2.0 1 
425 2.0 1 
426 2.0 1 
427 2.0 1 
428 2.0 1 
429 2.0 1 
430 2.0 1 
431 2.0 1 
432 2.0 1 
433 2.0 1 
434 2.0 1 
435 2.0 1 
436 2.0 1 
437 2.0 1 
438 2.0 1 
439 2.0 1 
440 2.0 1 
441 2.0 1 
$prop
$ideqn
1 -1 -1 
2 0 1 
3 2 3 
4 4 5 
5 6 7 
6 8 9 
7 10 11 
8 12 13 
9 14 15 
10 16 17 
11 18 19 
12 20 21 
13 22 23 
14 24 25 
15 26 27 
16 28 29 
17 30 31 
18 32 33 
19 34 35 
20 36 37 
21 38 -1 
22 39 -1 
23 40 41 
24 42 43 
25 44 45 
26 46 47 
27 48 49 
28 50 51 
29 52 53 
30 54 55 
31 56 57 
32 58 59 
33 60 61 
34 62 63 
35 64 65 
36 66 67 
37 68 69 
38 70 71 
39 72 73 
40 74 75 
41 76 77 
42 78 -1 
43 79 -1 
44 80 81 
45 82 83 
46 84 85 
47 86 87 
48 88 89 
49 90 91 
50 92 93 
51 94 95 
52 96 97 
53 98 99 
54 100 101 
55 102 103 
56 104 105 
57 106 107 
58 108 109 
59 110 111 
60 112 113 
61 114 115 
62 116 117 
63 118 -1 
64 119 -1 
65 120 121 
66 122 123 
67 124 125 
68 126 127 
69 128 129 
70 130 131 
71 132 133 
72 134 135 
73 136 137 
74 138 139 
75 140 141 
76 142 143 
77 144 145 
78 146 147 
79 148 149 
80 150 151 
81 152 153 
82 154 155 
83 156 157 
84 158 -1 
85 159 -1 
86 160 161 
87 162 163 
88 164 165 
89 166 167 
90 168 169 
91 170 171 
92 172 173 
93 174 175 
94 176 177 
95 178 179 
96 180 181 
97 182 183 
98 184 185 
99 186 187 
100 188 189 
101 190 191 
102 192 193 
103 194 195 
104 196 197 
105 198 -1 
106 199 -1 
107 200 201 
108 202 203 
109 204 205 
110 206 207 
111 208 209 
112 210 211 
113 212 213 
114 214 215 
115 216 217 
116 218 219 
117 220 221 
118 222 223 
119 224 225 
120 226 227 
121 228 229 
122 230 231 
123 232 233 
124 234 235 
125 236 237 
126 238 -1 
127 239 -1 
128 240 241 
129 242 243 
130 244 245 
131 246 247 
132 248 249 
133 250 251 
134 252 253 
135 254 255 
136 256 257 
137 258 259 
138 260 261 
139 262 263 
140 264 265 
141 266 267 
142 268 269 
143 270 271 
144 272 273 
145 274 275 
146 276 277 
147 278 -1 
148 279 -1 
149 280 281 
150 282 283 
151 284 285 
152 286 287 
153 288 289 
154 290 291 
155 292 293 
156 294 295 
157 296 297 
158 298 299 
159 300 301 
160 302 303 
161 304 305 
162 306 307 
163 308 309 
164 310 311 
165 312 313 
166 314 315 
167 316 317 
168 318 -1 
169 319 -1 
170 320 321 
171 322 323 
172 324 325 
173 326 327 
174 328 329 
175 330 331 
176 332 333 
177 334 335 
178 336 337 
179 338 339 
180 340 341 
181 342 343 
182 344 345 
183 346 347 
184 348 349 
185 350 351 
186 352 353 
187 354 355 
188 356 357 
189 358 -1 
190 359 -1 
191 360 361 
192 362 363 
193 364 365 
194 366 367 
195 368 369 
196 370 371 
197 372 373 
198 374 375 
199 376 377 
200 378 379 
201 380 381 
202 382 383 
203 384 385 
204 386 387 
205 388 389 
206 390 391 
207 392 393 
208 394 395 
209 396 397 
210 398 -1 
211 399 -1 
212 400 401 
213 402 403 
214 404 405 
215 406 407 
216 408 409 
217 410 411 
218 412 413 
219 414 415 
220 416 417 
221 418 419 
222 420 421 
223 422 423 
224 424 425 
225 426 427 
226 428 429 
227 430 431 
228 432 433 
229 434 435 
230 436 437 
231 438 -1 
232 439 -1 
233 440 441 
234 442 443 
235 444 445 
236 446 447 
237 448 449 
238 450 451 
239 452 453 
240 454 455 
241 456 457 
242 458 459 
243 460 461 
244 462 463 
245 464 465 
246 466 467 
247 468 469 
248 470 471 
249 472 473 
250 474 475 
251 476 477 
252 478 -1 
253 479 -1 
254 480 481 
255 482 483 
256 484 485 
257 486 487 
258 488 489 
259 490 491 
260 492 493 
261 494 495 
262 496 497 
263 498 499 
264 500 501 
265 502 503 
266 504 505 
267 506 507 
268 508 509 
269 510 511 
270 512 513 
271 514 515 
272 516 517 
273 518 -1 
274 519 -1 
275 520 521 
276 522 523 
277 524 525 
278 526 527 
279 528 529 
280 530 531 
281 532 533 
282 534 535 
283 536 537 
284 538 539 
285 540 541 
286 542 543 
287 544 545 
288 546 547 
289 548 549 
290 550 551 
291 552 553 
292 554 555 
293 556 557 
294 558 -1 
295 559 -1 
296 560 561 
297 562 563 
298 564 565 
299 566 567 
300 568 569 
301 570 571 
302 572 573 
303 574 575 
304 576 577 
305 578 579 
306 580 581 
307 582 583 
308 584 585 
309 586 587 
310 588 589 
311 590 591 
312 592 593 
313 594 595 
314 596 597 
315 598 -1 
316 599 -1 
317 600 601 
318 602 603 
319 604 605 
320 606 607 
321 608 609 
322 610 611 
323 612 613 
324 614 615 
325 616 617 
326 618 619 
327 620 621 
328 622 623 
329 624 625 
330 626 627 
331 628 629 
332 630 631 
333 632 633 
334 634 635 
335 636 637 
336 638 -1 
337 639 -1 
338 640 641 
339 642 643 
340 644 645 
341 646 647 
342 648 649 
343 650 651 
344 652 653 
345 654 655 
346 656 657 
347 658 659 
348 660 661 
349 662 663 
350 664 665 
351 666 667 
352 668 669 
353 670 671 
354 672 673 
355 674 675 
356 676 677 
357 678 -1 
358 679 -1 
359 680 681 
360 682 683 
361 684 685 
362 686 687 
363 688 689 
364 690 691 
365 692 693 
366 694 695 
367 696 697 
368 698 699 
369 700 701 
370 702 703 
371 704 705 
372 706 707 
373 708 709 
374 710 711 
375 712 713 
376 714 715 
377 716 717 
378 718 -1 
379 719 -1 
380 720 721 
381 722 723 
382 724 725 
383 726 727 
384 728 729 
385 730 731 
386 732 733 
387 734 735 
388 736 737 
389 738 739 
390 740 741 
391 742 743 
392 744 745 
393 746 747 
394 748 749 
395 750 751 
396 752 753 
397 754 755 
398 756 757 
399 758 -1 
400 759 -1 
401 760 761 
402 762 763 
403 764 765 
404 766 767 
405 768 769 
406 770 771 
407 772 773 
408 774 775 
409 776 777 
410 778 779 
411 780 781 
412 782 783 
413 784 785 
414 786 787 
415 788 789 
416 790 791 
417 792 793 
418 794 795 
419 796 797 
420 798 -1 
421 799 -1 
422 800 801 
423 802 803 
424 804 805 
425 806 807 
426 808 809 
427 810 811 
428 812 813 
429 814 815 
430 816 817 
431 818 819 
432 820 821 
433 822 823 
434 824 825 
435 826 827 
436 828 829 
437 830 831 
438 832 833 
439 834 835 
440 836 837 
441 838 -1 
$ideqn
$dirich
1 0.0 0.0 
2 0 0 
3 0 0 
4 0 0 
5 0 0 
6 0 0 
7 0 0 
8 0 0 
9 0 0 
10 0 0 
11 0 0 
12 0 0 
13 0 0 
14 0 0 
15 0 0 
16 0 0 
17 0 0 
18 0 0 
19 0 0 
20 0 0 
21 0 -1 
22 0 0.0 
23 0 0 
24 0 0 
25 0 0 
26 0 0 
27 0 0 
28 0 0 
29 0 0 
30 0 0 
31 0 0 
32 0 0 
33 0 0 
34 0 0 
35 0 0 
36 0 0 
37 0 0 
38 0 0 
39 0 0 
40 0 0 
41 0 0 
42 0 -1 
43 0 0.0 
44 0 0 
45 0 0 
46 0 0 
47 0 0 
48 0 0 
49 0 0 
50 0 0 
51 0 0 
52 0 0 
53 0 0 
54 0 0 
55 0 0 
56 0 0 
57 0 0 
58 0 0 
59 0 0 
60 0 0 
61 0 0 
62 0 0 
63 0 -1 
64 0 0.0 
65 0 0 
66 0 0 
67 0 0 
68 0 0 
69 0 0 
70 0 0 
71 0 0 
72 0 0 
73 0 0 
74 0 0 
75 0 0 
76 0 0 
77 0 0 
78 0 0 
79 0 0 
80 0 0 
81 0 0 
82 0 0 
83 0 0 
84 0 -1 
85 0 0.0 
86 0 0 
87 0 0 
88 0 0 
89 0 0 
90 0 0 
91 0 0 
92 0 0 
93 0 0 
94 0 0 
95 0 0 
96 0 0 
97 0 0 
98 0 0 
99 0 0 
100 0 0 
101 0 0 
102 0 0 
103 0 0 
104 0 0 
105 0 -1 
106 0 0.0 
107 0 0 
108 0 0 
109 0 0 
110 0 0 
111 0 0 
112 0 0 
113 0 0 
114 0 0 
115 0 0 
116 0 0 
117 0 0 
118 0 0 
119 0 0 
120 0 0 
121 0 0 
122 0 0 
123 0 0 
124 0 0 
125 0 0 
126 0 -1 
127 0 0.0 
128 0 0 
129 0 0 
130 0 0 
131 0 0 
132 0 0 
133 0 0 
134 0 0 
135 0 0 
136 0 0 
137 0 0 
138 0 0 
139 0 0 
140 0 0 
141 0 0 
142 0 0 
143 0 0 
144 0 0 
145 0 0 
146 0 0 
147 0 -1 
148 0 0.0 
149 0 0 
150 0 0 
151 0 0 
152 0 0 
153 0 0 
154 0 0 
155 0 0 
156 0 0 
157 0 0 
158 0 0 
159 0 0 
160 0 0 
161 0 0 
162 0 0 
163 0 0 
164 0 0 
165 0 0 
166 0 0 
167 0 0 
168 0 -1 
169 0 0.0 
170 0 0 
171 0 0 
172 0 0 
173 0 0 
174 0 0 
175 0 0 
176 0 0 
177 0 0 
178 0 0 
179 0 0 
180 0 0 
181 0 0 
182 0 0 
183 0 0 
184 0 0 
185 0 0 
186 0 0 
187 0 0 
188 0 0 
189 0 -1 
190 0 0.0 
191 0 0 
192 0 0 
193 0 0 
194 0 0 
195 0 0 
196 0 0 
197 0 0 
198 0 0 
199 0 0 
200 0 0 
201 0 0 
202 0 0 
203 0 0 
204 0 0 
205 0 0 
206 0 0 
207 0 0 
208 0 0 
209 0 0 
210 0 -1 
211 0 0.0 
212 0 0 
213 0 0 
214 0 0 
215 0 0 
216 0 0 
217 0 0 
218 0 0 
219 0 0 
220 0 0 
221 0 0 
222 0 0 
223 0 0 
224 0 0 
225 0 0 
226 0 0 
227 0 0 
228 0 0 
229 0 0 
230 0 0 
231 0 -1 
232 0 0.0 
233 0 0 
234 0 0 
235 0 0 
236 0 0 
237 0 0 
238 0 0 
239 0 0 
240 0 0 
241 0 0 
242 0 0 
243 0 0 
244 0 0 
245 0 0 
246 0 0 
247 0 0 
248 0 0 
249 0 0 
250 0 0 
251 0 0 
252 0 -1 
253 0 0.0 
254 0 0 
255 0 0 
256 0 0 
257 0 0 
258 0 0 
259 0 0 
260 0 0 
261 0 0 
262 0 0 
263 0 0 
264 0 0 
265 0 0 
266 0 0 
267 0 0 
268 0 0 
269 0 0 
270 0 0 
271 0 0 
272 0 0 
273 0 -1 
274 0 0.0 
275 0 0 
276 0 0 
277 0 0 
278 0 0 
279 0 0 
280 0 0 
281 0 0 
282 0 0 
283 0 0 
284 0 0 
285 0 0 
286 0 0 
287 0 0 
288 0 0 
289 0 0 
290 0 0 
291 0 0 
292 0 0 
293 0 0 
294 0 -1 
295 0 0.0 
296 0 0 
297 0 0 
298 0 0 
299 0 0 
300 0 0 
301 0 0 
302 0 0 
303 0 0 
304 0 0 
305 0 0 
306 0 0 
307 0 0 
308 0 0 
309 0 0 
310 0 0 
311 0 0 
312 0 0 
313 0 0 
314 0 0 
315 0 -1 
316 0 0.0 
317 0 0 
318 0 0 
319 0 0 
320 0 0 
321 0 0 
322 0 0 
323 0 0 
324 0 0 
325 0 0 
326 0 0 
327 0 0 
328 0 0 
329 0 0 
330 0 0 
331 0 0 
332 0 0 
333 0 0 
334 0 0 
335 0 0 
336 0 -1 
337 0 0.0 
338 0 0 
339 0 0 
340 0 0 
341 0 0 
342 0 0 
343 0 0 
344 0 0 
345 0 0 
346 0 0 
347 0 0 
348 0 0 
349 0 0 
350 0 0 
351 0 0 
352 0 0 
353 0 0 
354 0 0 
355 0 0 
356 0 0 
357 0 -1 
358 0 0.0 
359 0 0 
360 0 0 
361 0 0 
362 0 0 
363 0 0 
364 0 0 
365 0 0 
366 0 0 
367 0 0 
368 0 0 
369 0 0 
370 0 0 
371 0 0 
372 0 0 
373 0 0 
374 0 0 
375 0 0 
376 0 0 
377 0 0 
378 0 -1 
379 0 0.0 
380 0 0 
381 0 0 
382 0 0 
383 0 0 
384 0 0 
385 0 0 
386 0 0 
387 0 0 
388 0 0 
389 0 0 
390 0 0 
391 0 0 
392 0 0 
393 0 0 
394 0 0 
395 0 0 
396 0 0 
397 0 0 
398 0 0 
399 0 -1 
400 0 0.0 
401 0 0 
402 0 0 
403 0 0 
404 0 0 
405 0 0 
406 0 0 
407 0 0 
408 0 0 
409 0 0 
410 0 0 
411 0 0 
412 0 0 
413 0 0 
414 0 0 
415 0 0 
416 0 0 
417 0 0 
418 0 0 
419 0 0 
420 0 -1 
421 0 0.0 
422 0 0 
423 0 0 
424 0 0 
425 0 0 
426 0 0 
427 0 0 
428 0 0 
429 0 0 
430 0 0 
431 0 0 
432 0 0 
433 0 0 
434 0 0 
435 0 0 
436 0 0 
437 0 0 
438 0 0 
439 0 0 
440 0 0 
441 0 -1 
$dirich
$bf
1 0 0 
2 0 0 
3 0 0 
4 0 0 
5 0 0 
6 0 0 
7 0 0 
8 0 0 
9 0 0 
10 0 0 
11 0 0 
12 0 0 
13 0 0 
14 0 0 
15 0 0 
16 0 0 
17 0 0 
18 0 0 
19 0 0 
20 0 0 
21 0 0 
22 0 0 
23 0 0 
24 0 0 
25 0 0 
26 0 0 
27 0 0 
28 0 0 
29 0 0 
30 0 0 
31 0 0 
32 0 0 
33 0 0 
34 0 0 
35 0 0 
36 0 0 
37 0 0 
38 0 0 
39 0 0 
40 0 0 
41 0 0 
42 0 0 
43 0 0 
44 0 0 
45 0 0 
46 0 0 
47 0 0 
48 0 0 
49 0 0 
50 0 0 
51 0 0 
52 0 0 
53 0 0 
54 0 0 
55 0 0 
56 0 0 
57 0 0 
58 0 0 
59 0 0 
60 0 0 
61 0 0 
62 0 0 
63 0 0 
64 0 0 
65 0 0 
66 0 0 
67 0 0 
68 0 0 
69 0 0 
70 0 0 
71 0 0 
72 0 0 
73 0 0 
74 0 0 
75 0 0 
76 0 0 
77 0 0 
78 0 0 
79 0 0 
80 0 0 
81 0 0 
82 0 0 
83 0 0 
84 0 0 
85 0 0 
86 0 0 
87 0 0 
88 0 0 
89 0 0 
90 0 0 
91 0 0 
92 0 0 
93 0 0 
94 0 0 
95 0 0 
96 0 0 
97 0 0 
98 0 0 
99 0 0 
100 0 0 
101 0 0 
102 0 0 
103 0 0 
104 0 0 
105 0 0 
106 0 0 
107 0 0 
108 0 0 
109 0 0 
110 0 0 
111 0 0 
112 0 0 
113 0 0 
114 0 0 
115 0 0 
116 0 0 
117 0 0 
118 0 0 
119 0 0 
120 0 0 
121 0 0 
122 0 0 
123 0 0 
124 0 0 
125 0 0 
126 0 0 
127 0 0 
128 0 0 
129 0 0 
130 0 0 
131 0 0 
132 0 0 
133 0 0 
134 0 0 
135 0 0 
136 0 0 
137 0 0 
138 0 0 
139 0 0 
140 0 0 
141 0 0 
142 0 0 
143 0 0 
144 0 0 
145 0 0 
146 0 0 
147 0 0 
148 0 0 
149 0 0 
150 0 0 
151 0 0 
152 0 0 
153 0 0 
154 0 0 
155 0 0 
156 0 0 
157 0 0 
158 0 0 
159 0 0 
160 0 0 
161 0 0 
162 0 0 
163 0 0 
164 0 0 
165 0 0 
166 0 0 
167 0 0 
168 0 0 
169 0 0 
170 0 0 
171 0 0 
172 0 0 
173 0 0 
174 0 0 
175 0 0 
176 0 0 
177 0 0 
178 0 0 
179 0 0 
180 0 0 
181 0 0 
182 0 0 
183 0 0 
184 0 0 
185 0 0 
186 0 0 
187 0 0 
188 0 0 
189 0 0 
190 0 0 
191 0 0 
192 0 0 
193 0 0 
194 0 0 
195 0 0 
196 0 0 
197 0 0 
198 0 0 
199 0 0 
200 0 0 
201 0 0 
202 0 0 
203 0 0 
204 0 0 
205 0 0 
206 0 0 
207 0 0 
208 0 0 
209 0 0 
210 0 0 
211 0 0 
212 0 0 
213 0 0 
214 0 0 
215 0 0 
216 0 0 
217 0 0 
218 0 0 
219 0 0 
220 0 0 
221 0 0 
222 0 0 
223 0 0 
224 0 0 
225 0 0 
226 0 0 
227 0 0 
228 0 0 
229 0 0 
230 0 0 
231 0 0 
232 0 0 
233 0 0 
234 0 0 
235 0 0 
236 0 0 
237 0 0 
238 0 0 
239 0 0 
240 0 0 
241 0 0 
242 0 0 
243 0 0 
244 0 0 
245 0 0 
246 0 0 
247 0 0 
248 0 0 
249 0 0 
250 0 0 
251 0 0 
252 0 0 
253 0 0 
254 0 0 
255 0 0 
256 0 0 
257 0 0 
258 0 0 
259 0 0 
260 0 0 
261 0 0 
262 0 0 
263 0 0 
264 0 0 
265 0 0 
266 0 0 
267 0 0 
268 0 0 
269 0 0 
270 0 0 
271 0 0 
272 0 0 
273 0 0 
274 0 0 
275 0 0 
276 0 0 
277 0 0 
278 0 0 
279 0 0 
280 0 0 
281 0 0 
282 0 0 
283 0 0 
284 0 0 
285 0 0 
286 0 0 
287 0 0 
288 0 0 
289 0 0 
290 0 0 
291 0 0 
292 0 0 
293 0 0 
294 0 0 
295 0 0 
296 0 0 
297 0 0 
298 0 0 
299 0 0 
300 0 0 
301 0 0 
302 0 0 
303 0 0 
304 0 0 
305 0 0 
306 0 0 
307 0 0 
308 0 0 
309 0 0 
310 0 0 
311 0 0 
312 0 0 
313 0 0 
314 0 0 
315 0 0 
316 0 0 
317 0 0 
318 0 0 
319 0 0 
320 0 0 
321 0 0 
322 0 0 
323 0 0 
324 0 0 
325 0 0 
326 0 0 
327 0 0 
328 0 0 
329 0 0 
330 0 0 
331 0 0 
332 0 0 
333 0 0 
334 0 0 
335 0 0 
336 0 0 
337 0 0 
338 0 0 
339 0 0 
340 0 0 
341 0 0 
342 0 0 
343 0 0 
344 0 0 
345 0 0 
346 0 0 
347 0 0 
348 0 0 
349 0 0 
350 0 0 
351 0 0 
352 0 0 
353 0 0 
354 0 0 
355 0 0 
356 0 0 
357 0 0 
358 0 0 
359 0 0 
360 0 0 
361 0 0 
362 0 0 
363 0 0 
364 0 0 
365 0 0 
366 0 0 
367 0 0 
368 0 0 
369 0 0 
370 0 0 
371 0 0 
372 0 0 
373 0 0 
374 0 0 
375 0 0 
376 0 0 
377 0 0 
378 0 0 
379 0 0 
380 0 0 
381 0 0 
382 0 0 
383 0 0 
384 0 0 
385 0 0 
386 0 0 
387 0 0 
388 0 0 
389 0 0 
390 0 0 
391 0 0 
392 0 0 
393 0 0 
394 0 0 
395 0 0 
396 0 0 
397 0 0 
398 0 0 
399 0 0 
400 0 0 
401 0 0 
402 0 0 
403 0 0 
404 0 0 
405 0 0 
406 0 0 
407 0 0 
408 0 0 
409 0 0 
410 0 0 
411 0 0 
412 0 0 
413 0 0 
414 0 0 
415 0 0 
416 0 0 
417 0 0 
418 0 0 
419 0 0 
420 0 0 
421 0 0 
422 0 0 
423 0 0 
424 0 0 
425 0 0 
426 0 0 
427 0 0 
428 0 0 
429 0 0 
430 0 0 
431 0 0 
432 0 0 
433 0 0 
434 0 0 
435 0 0 
436 0 0 
437 0 0 
438 0 0 
439 0 0 
440 0 0 
441 0 0 
$bf
$trac
1 0 0 
2 0 0 
3 0 0 
4 0 0 
5 0 0 
6 0 0 
7 0 0 
8 0 0 
9 0 0 
10 0 0 
11 0 0 
12 0 0 
13 0 0 
14 0 0 
15 0 0 
16 0 0 
17 0 0 
18 0 0 
19 0 0 
20 0 0 
21 0 0 
22 0 0 
23 0 0 
24 0 0 
25 0 0 
26 0 0 
27 0 0 
28 0 0 
29 0 0 
30 0 0 
31 0 0 
32 0 0 
33 0 0 
34 0 0 
35 0 0 
36 0 0 
37 0 0 
38 0 0 
39 0 0 
40 0 0 
41 0 0 
42 0 0 
43 0 0 
44 0 0 
45 0 0 
46 0 0 
47 0 0 
48 0 0 
49 0 0 
50 0 0 
51 0 0 
52 0 0 
53 0 0 
54 0 0 
55 0 0 
56 0 0 
57 0 0 
58 0 0 
59 0 0 
60 0 0 
61 0 0 
62 0 0 
63 0 0 
64 0 0 
65 0 0 
66 0 0 
67 0 0 
68 0 0 
69 0 0 
70 0 0 
71 0 0 
72 0 0 
73 0 0 
74 0 0 
75 0 0 
76 0 0 
77 0 0 
78 0 0 
79 0 0 
80 0 0 
81 0 0 
82 0 0 
83 0 0 
84 0 0 
85 0 0 
86 0 0 
87 0 0 
88 0 0 
89 0 0 
90 0 0 
91 0 0 
92 0 0 
93 0 0 
94 0 0 
95 0 0 
96 0 0 
97 0 0 
98 0 0 
99 0 0 
100 0 0 
101 0 0 
102 0 0 
103 0 0 
104 0 0 
105 0 0 
106 0 0 
107 0 0 
108 0 0 
109 0 0 
110 0 0 
111 0 0 
112 0 0 
113 0 0 
114 0 0 
115 0 0 
116 0 0 
117 0 0 
118 0 0 
119 0 0 
120 0 0 
121 0 0 
122 0 0 
123 0 0 
124 0 0 
125 0 0 
126 0 0 
127 0 0 
128 0 0 
129 0 0 
130 0 0 
131 0 0 
132 0 0 
133 0 0 
134 0 0 
135 0 0 
136 0 0 
137 0 0 
138 0 0 
139 0 0 
140 0 0 
141 0 0 
142 0 0 
143 0 0 
144 0 0 
145 0 0 
146 0 0 
147 0 0 
148 0 0 
149 0 0 
150 0 0 
151 0 0 
152 0 0 
153 0 0 
154 0 0 
155 0 0 
156 0 0 
157 0 0 
158 0 0 
159 0 0 
160 0 0 
161 0 0 
162 0 0 
163 0 0 
164 0 0 
165 0 0 
166 0 0 
167 0 0 
168 0 0 
169 0 0 
170 0 0 
171 0 0 
172 0 0 
173 0 0 
174 0 0 
175 0 0 
176 0 0 
177 0 0 
178 0 0 
179 0 0 
180 0 0 
181 0 0 
182 0 0 
183 0 0 
184 0 0 
185 0 0 
186 0 0 
187 0 0 
188 0 0 
189 0 0 
190 0 0 
191 0 0 
192 0 0 
193 0 0 
194 0 0 
195 0 0 
196 0 0 
197 0 0 
198 0 0 
199 0 0 
200 0 0 
201 0 0 
202 0 0 
203 0 0 
204 0 0 
205 0 0 
206 0 0 
207 0 0 
208 0 0 
209 0 0 
210 0 0 
211 0 0 
212 0 0 
213 0 0 
214 0 0 
215 0 0 
216 0 0 
217 0 0 
218 0 0 
219 0 0 
220 0 0 
221 0 0 
222 0 0 
223 0 0 
224 0 0 
225 0 0 
226 0 0 
227 0 0 
228 0 0 
229 0 0 
230 0 0 
231 0 0 
232 0 0 
233 0 0 
234 0 0 
235 0 0 
236 0 0 
237 0 0 
238 0 0 
239 0 0 
240 0 0 
241 0 0 
242 0 0 
243 0 0 
244 0 0 
245 0 0 
246 0 0 
247 0 0 
248 0 0 
249 0 0 
250 0 0 
251 0 0 
252 0 0 
253 0 0 
254 0 0 
255 0 0 
256 0 0 
257 0 0 
258 0 0 
259 0 0 
260 0 0 
261 0 0 
262 0 0 
263 0 0 
264 0 0 
265 0 0 
266 0 0 
267 0 0 
268 0 0 
269 0 0 
270 0 0 
271 0 0 
272 0 0 
273 0 0 
274 0 0 
275 0 0 
276 0 0 
277 0 0 
278 0 0 
279 0 0 
280 0 0 
281 0 0 
282 0 0 
283 0 0 
284 0 0 
285 0 0 
286 0 0 
287 0 0 
288 0 0 
289 0 0 
290 0 0 
291 0 0 
292 0 0 
293 0 0 
294 0 0 
295 0 0 
296 0 0 
297 0 0 
298 0 0 
299 0 0 
300 0 0 
301 0 0 
302 0 0 
303 0 0 
304 0 0 
305 0 0 
306 0 0 
307 0 0 
308 0 0 
309 0 0 
310 0 0 
311 0 0 
312 0 0 
313 0 0 
314 0 0 
315 0 0 
316 0 0 
317 0 0 
318 0 0 
319 0 0 
320 0 0 
321 0 0 
322 0 0 
323 0 0 
324 0 0 
325 0 0 
326 0 0 
327 0 0 
328 0 0 
329 0 0 
330 0 0 
331 0 0 
332 0 0 
333 0 0 
334 0 0 
335 0 0 
336 0 0 
337 0 0 
338 0 0 
339 0 0 
340 0 0 
341 0 0 
342 0 0 
343 0 0 
344 0 0 
345 0 0 
346 0 0 
347 0 0 
348 0 0 
349 0 0 
350 0 0 
351 0 0 
352 0 0 
353 0 0 
354 0 0 
355 0 0 
356 0 0 
357 0 0 
358 0 0 
359 0 0 
360 0 0 
361 0 0 
362 0 0 
363 0 0 
364 0 0 
365 0 0 
366 0 0 
367 0 0 
368 0 0 
369 0 0 
370 0 0 
371 0 0 
372 0 0 
373 0 0 
374 0 0 
375 0 0 
376 0 0 
377 0 0 
378 0 0 
379 0 0 
380 0 0 
381 0 0 
382 0 0 
383 0 0 
384 0 0 
385 0 0 
386 0 0 
387 0 0 
388 0 0 
389 0 0 
390 0 0 
391 0 0 
392 0 0 
393 0 0 
394 0 0 
395 0 0 
396 0 0 
397 0 0 
398 0 0 
399 0 0 
400 0 0 
401 0 0 
402 0 0 
403 0 0 
404 0 0 
405 0 0 
406 0 0 
407 0 0 
408 0 0 
409 0 0 
410 0 0 
411 0 0 
412 0 0 
413 0 0 
414 0 0 
415 0 0 
416 0 0 
417 0 0 
418 0 0 
419 0 0 
420 0 0 
421 0 0 
422 0 0 
423 0 0 
424 0 0 
425 0 0 
426 0 0 
427 0 0 
428 0 0 
429 0 0 
430 0 0 
431 0 0 
432 0 0 
433 0 0 
434 0 0 
435 0 0 
436 0 0 
437 0 0 
438 0 0 
439 0 0 
440 0 0 
441 0 0 
$trac
$pf
1 0 0 
2 0 0 
3 0 0 
4 0 0 
5 0 0 
6 0 0 
7 0 0 
8 0 0 
9 0 0 
10 0 0 
11 0 0 
12 0 0 
13 0 0 
14 0 0 
15 0 0 
16 0 0 
17 0 0 
18 0 0 
19 0 0 
20 0 0 
21 0 0 
22 0 0 
23 0 0 
24 0 0 
25 0 0 
26 0 0 
27 0 0 
28 0 0 
29 0 0 
30 0 0 
31 0 0 
32 0 0 
33 0 0 
34 0 0 
35 0 0 
36 0 0 
37 0 0 
38 0 0 
39 0 0 
40 0 0 
41 0 0 
42 0 0 
43 0 0 
44 0 0 
45 0 0 
46 0 0 
47 0 0 
48 0 0 
49 0 0 
50 0 0 
51 0 0 
52 0 0 
53 0 0 
54 0 0 
55 0 0 
56 0 0 
57 0 0 
58 0 0 
59 0 0 
60 0 0 
61 0 0 
62 0 0 
63 0 0 
64 0 0 
65 0 0 
66 0 0 
67 0 0 
68 0 0 
69 0 0 
70 0 0 
71 0 0 
72 0 0 
73 0 0 
74 0 0 
75 0 0 
76 0 0 
77 0 0 
78 0 0 
79 0 0 
80 0 0 
81 0 0 
82 0 0 
83 0 0 
84 0 0 
85 0 0 
86 0 0 
87 0 0 
88 0 0 
89 0 0 
90 0 0 
91 0 0 
92 0 0 
93 0 0 
94 0 0 
95 0 0 
96 0 0 
97 0 0 
98 0 0 
99 0 0 
100 0 0 
101 0 0 
102 0 0 
103 0 0 
104 0 0 
105 0 0 
106 0 0 
107 0 0 
108 0 0 
109 0 0 
110 0 0 
111 0 0 
112 0 0 
113 0 0 
114 0 0 
115 0 0 
116 0 0 
117 0 0 
118 0 0 
119 0 0 
120 0 0 
121 0 0 
122 0 0 
123 0 0 
124 0 0 
125 0 0 
126 0 0 
127 0 0 
128 0 0 
129 0 0 
130 0 0 
131 0 0 
132 0 0 
133 0 0 
134 0 0 
135 0 0 
136 0 0 
137 0 0 
138 0 0 
139 0 0 
140 0 0 
141 0 0 
142 0 0 
143 0 0 
144 0 0 
145 0 0 
146 0 0 
147 0 0 
148 0 0 
149 0 0 
150 0 0 
151 0 0 
152 0 0 
153 0 0 
154 0 0 
155 0 0 
156 0 0 
157 0 0 
158 0 0 
159 0 0 
160 0 0 
161 0 0 
162 0 0 
163 0 0 
164 0 0 
165 0 0 
166 0 0 
167 0 0 
168 0 0 
169 0 0 
170 0 0 
171 0 0 
172 0 0 
173 0 0 
174 0 0 
175 0 0 
176 0 0 
177 0 0 
178 0 0 
179 0 0 
180 0 0 
181 0 0 
182 0 0 
183 0 0 
184 0 0 
185 0 0 
186 0 0 
187 0 0 
188 0 0 
189 0 0 
190 0 0 
191 0 0 
192 0 0 
193 0 0 
194 0 0 
195 0 0 
196 0 0 
197 0 0 
198 0 0 
199 0 0 
200 0 0 
201 0 0 
202 0 0 
203 0 0 
204 0 0 
205 0 0 
206 0 0 
207 0 0 
208 0 0 
209 0 0 
210 0 0 
211 0 0 
212 0 0 
213 0 0 
214 0 0 
215 0 0 
216 0 0 
217 0 0 
218 0 0 
219 0 0 
220 0 0 
221 0 0 
222 0 0 
223 0 0 
224 0 0 
225 0 0 
226 0 0 
227 0 0 
228 0 0 
229 0 0 
230 0 0 
231 0 0 
232 0 0 
233 0 0 
234 0 0 
235 0 0 
236 0 0 
237 0 0 
238 0 0 
239 0 0 
240 0 0 
241 0 0 
242 0 0 
243 0 0 
244 0 0 
245 0 0 
246 0 0 
247 0 0 
248 0 0 
249 0 0 
250 0 0 
251 0 0 
252 0 0 
253 0 0 
254 0 0 
255 0 0 
256 0 0 
257 0 0 
258 0 0 
259 0 0 
260 0 0 
261 0 0 
262 0 0 
263 0 0 
264 0 0 
265 0 0 
266 0 0 
267 0 0 
268 0 0 
269 0 0 
270 0 0 
271 0 0 
272 0 0 
273 0 0 
274 0 0 
275 0 0 
276 0 0 
277 0 0 
278 0 0 
279 0 0 
280 0 0 
281 0 0 
282 0 0 
283 0 0 
284 0 0 
285 0 0 
286 0 0 
287 0 0 
288 0 0 
289 0 0 
290 0 0 
291 0 0 
292 0 0 
293 0 0 
294 0 0 
295 0 0 
296 0 0 
297 0 0 
298 0 0 
299 0 0 
300 0 0 
301 0 0 
302 0 0 
303 0 0 
304 0 0 
305 0 0 
306 0 0 
307 0 0 
308 0 0 
309 0 0 
310 0 0 
311 0 0 
312 0 0 
313 0 0 
314 0 0 
315 0 0 
316 0 0 
317 0 0 
318 0 0 
319 0 0 
320 0 0 
321 0 0 
322 0 0 
323 0 0 
324 0 0 
325 0 0 
326 0 0 
327 0 0 
328 0 0 
329 0 0 
330 0 0 
331 0 0 
332 0 0 
333 0 0 
334 0 0 
335 0 0 
336 0 0 
337 0 0 
338 0 0 
339 0 0 
340 0 0 
341 0 0 
342 0 0 
343 0 0 
344 0 0 
345 0 0 
346 0 0 
347 0 0 
348 0 0 
349 0 0 
350 0 0 
351 0 0 
352 0 0 
353 0 0 
354 0 0 
355 0 0 
356 0 0 
357 0 0 
358 0 0 
359 0 0 
360 0 0 
361 0 0 
362 0 0 
363 0 0 
364 0 0 
365 0 0 
366 0 0 
367 0 0 
368 0 0 
369 0 0 
370 0 0 
371 0 0 
372 0 0 
373 0 0 
374 0 0 
375 0 0 
376 0 0 
377 0 0 
378 0 0 
379 0 0 
380 0 0 
381 0 0 
382 0 0 
383 0 0 
384 0 0 
385 0 0 
386 0 0 
387 0 0 
388 0 0 
389 0 0 
390 0 0 
391 0 0 
392 0 0 
393 0 0 
394 0 0 
395 0 0 
396 0 0 
397 0 0 
398 0 0 
399 0 0 
400 0 0 
401 0 0 
402 0 0 
403 0 0 
404 0 0 
405 0 0 
406 0 0 
407 0 0 
408 0 0 
409 0 0 
410 0 0 
411 0 0 
412 0 0 
413 0 0 
414 0 0 
415 0 0 
416 0 0 
417 0 0 
418 0 0 
419 0 0 
420 0 0 
421 0 0 
422 0 0 
423 0 0 
424 0 0 
425 0 0 
426 0 0 
427 0 0 
428 0 0 
429 0 0 
430 0 0 
431 0 0 
432 0 0 
433 0 0 
434 0 0 
435 0 0 
436 0 0 
437 0 0 
438 0 0 
439 0 0 
440 0 0 
441 0 0 
$pf
