# fypy mesh generator
nelem=20 nnodes=24 ninteg=3 ndofn=2 nprop=2
$coord
1 0.0 0.0 0.0 
2 0.0 16.666666666666668 0.0 
3 0.0 33.333333333333336 0.0 
4 0.0 50.0 0.0 
5 2.0 0.0 0.0 
6 2.0 16.666666666666668 0.0 
7 2.0 33.333333333333336 0.0 
8 2.0 50.0 0.0 
9 4.0 0.0 0.0 
10 4.0 16.666666666666668 0.0 
11 4.0 33.333333333333336 0.0 
12 4.0 50.0 0.0 
13 6.0 0.0 0.0 
14 6.0 16.666666666666668 0.0 
15 6.0 33.333333333333336 0.0 
16 6.0 50.0 0.0 
17 8.0 0.0 0.0 
18 8.0 16.666666666666668 0.0 
19 8.0 33.333333333333336 0.0 
20 8.0 50.0 0.0 
21 10.0 0.0 0.0 
22 10.0 16.666666666666668 0.0 
23 10.0 33.333333333333336 0.0 
24 10.0 50.0 0.0 
$coord
$conn
1 1 5 6 2 linelas2d 
2 2 6 7 3 linelas2d 
3 3 7 8 4 linelas2d 
4 5 9 10 6 linelas2d 
5 6 10 11 7 linelas2d 
6 7 11 12 8 linelas2d 
7 9 13 14 10 linelas2d 
8 10 14 15 11 linelas2d 
9 11 15 16 12 linelas2d 
10 13 17 18 14 linelas2d 
11 14 18 19 15 linelas2d 
12 15 19 20 16 linelas2d 
13 17 21 22 18 linelas2d 
14 18 22 23 19 linelas2d 
15 19 23 24 20 linelas2d 
16 8 4 linelastrac2d 
17 12 8 linelastrac2d 
18 16 12 linelastrac2d 
19 20 16 linelastrac2d 
20 24 20 linelastrac2d 
$conn
$prop
$prop
$dirich
$dirich
$bf
$bf
$trac
$trac
$pf
$pf
